#Thorlabs FTS
[SpectrumHeader]
#Date;20251127
#Time;17073861
#GMTTime;15073861
#Instrument;0
#InstrModel;CCS200
#Series;0
#InterferometerSerial;M00997583
#Type;emission
#ChannelIndex;0
#XAxisUnit;nm_vac
#YAxisUnit;intensity
#Average;1
#RollingAverage;0
#SpectrumSmooth;0
#SSmoothParam1;0
#SSmoothParam2;0
#SSmoothParam3;0
#SSmoothParam4;0
#IntegrationTime;0.010000
#TriggerMode;0
#AirMeasureOpt;0
#AirTemp;0.00
#AirPressure;0.00
#AirRelHum;0.00
#WnrMin;9808.453125
#WnrMax;51499.769531
#Length;3648
#Resolution;0.0000000000e+00
#ADC;0
#InstrStatus;0
#RefLaserLocked;0
#ChannelIndex;0
#AttenuationFilter;0
#Stitched;0
#ExcitationWavelength_nm;0
#SoftwareVersion;3.350000
#FirmwareVersion;
#Motor_FirmwareVersion;
#ReconstructionAlgorithms_SoftwareVersion;
#Sensor_FirmwareVersion;
#InstrSeriesIdentifier;MUN_CCS_SERIES
#RefGainIndex;0
#RefSignalInPerecent;0.0
#BBRefGainIndex;0
#BBRefSignalInPerecent;0.0
#AutogainStatus;0
#Name;
#Comment;""
#ExtComment;""
#Source;
[Data]
1.941828613e+02;-2.019647654e-04
1.943857269e+02;9.889309149e-05
1.945886078e+02;1.369181904e-03
1.947915192e+02;1.218752936e-03
1.949944305e+02;-2.742542187e-03
1.951973572e+02;-2.759256633e-03
1.954002991e+02;1.619896735e-03
1.956032715e+02;5.167512572e-04
1.958062439e+02;1.068323967e-03
1.960092316e+02;6.838944973e-04
1.962122498e+02;2.660363389e-04
1.964152832e+02;1.419324777e-03
1.966183319e+02;5.000369274e-04
1.968213806e+02;1.302324585e-03
1.970244598e+02;-1.271681627e-03
1.972275543e+02;-2.073969226e-03
1.974306793e+02;6.838944973e-04
1.976338043e+02;6.337515078e-04
1.978369446e+02;5.000369274e-04
1.980401001e+02;6.170371780e-04
1.982432709e+02;8.008947480e-04
1.984464722e+02;7.674661465e-04
1.986496735e+02;1.323217439e-04
1.988528900e+02;6.838944973e-04
1.990561523e+02;-1.572539448e-03
1.992593994e+02;-2.675684867e-03
1.994626770e+02;1.536325086e-03
1.996659546e+02;7.841804763e-04
1.998692780e+02;-1.351074607e-04
2.000725861e+02;1.001466648e-03
2.002759247e+02;3.328936582e-04
2.004792938e+02;6.671801675e-04
2.006826630e+02;1.569753746e-03
2.008860474e+02;1.085038297e-03
2.010894623e+02;-2.541970462e-03
2.012928772e+02;-8.036805084e-04
2.014963074e+02;1.135181286e-03
2.016997681e+02;1.168609946e-03
2.019032288e+02;7.173231570e-04
2.021067352e+02;7.674661465e-04
2.023102264e+02;2.660363389e-04
2.025137329e+02;1.018180978e-03
2.027172852e+02;1.887325896e-03
2.029208221e+02;1.018180978e-03
2.031244049e+02;-1.873397385e-03
2.033279877e+02;-1.923540374e-03
2.035315704e+02;9.680380463e-04
2.037351990e+02;1.335753244e-03
2.039388275e+02;1.135181286e-03
2.041424866e+02;1.101752627e-03
2.043461456e+02;1.469467767e-03
2.045498352e+02;6.504658377e-04
2.047535248e+02;2.660363389e-04
2.049572449e+02;8.008947480e-04
2.051609650e+02;-3.009971464e-03
2.053647308e+02;-1.321824617e-03
2.055684814e+02;1.502896426e-03
2.057722626e+02;5.668941885e-04
2.059760590e+02;1.252181595e-03
2.061798706e+02;1.051609637e-03
2.063836975e+02;8.844663971e-04
2.065875397e+02;4.331796081e-04
2.067913971e+02;5.668941885e-04
2.069952850e+02;1.469467767e-03
2.071991730e+02;-6.031086086e-04
2.074030762e+02;-3.862402169e-03
2.076069946e+02;1.770325704e-03
2.078109436e+02;9.011807269e-04
2.080148926e+02;4.666082677e-04
2.082188721e+02;6.337515078e-04
2.084228668e+02;-4.359653394e-04
2.086268768e+02;5.167512572e-04
2.088309021e+02;1.151895616e-03
2.090349274e+02;3.997509484e-04
2.092389984e+02;-1.188109978e-03
2.094430695e+02;-1.672825427e-03
2.096471405e+02;8.343234076e-04
2.098512573e+02;1.156074213e-04
2.100553589e+02;4.666082677e-04
2.102595062e+02;-3.482151078e-05
2.104636688e+02;2.326076938e-04
2.106678162e+02;1.235467265e-03
2.108720093e+02;1.991790486e-04
2.110762024e+02;-1.351074607e-04
2.112804260e+02;-1.204824308e-03
2.114846649e+02;-1.438824926e-03
2.116889038e+02;2.438898664e-03
2.118931732e+02;4.666082677e-04
2.120974579e+02;1.034895307e-03
2.123017426e+02;2.326076938e-04
2.125060577e+02;5.836085184e-04
2.127104034e+02;2.158933785e-04
2.129147339e+02;1.101752627e-03
2.131190948e+02;7.674661465e-04
2.133234863e+02;-1.672825427e-03
2.135278625e+02;-1.472253469e-03
2.137322845e+02;1.770325704e-03
2.139367065e+02;1.302324585e-03
2.141411591e+02;-3.482151078e-05
2.143455963e+02;5.668941885e-04
2.145500793e+02;1.335753244e-03
2.147545776e+02;4.331796081e-04
2.149590759e+02;4.833225976e-04
2.151635895e+02;1.657504035e-04
2.153681335e+02;-2.341398504e-03
2.155726929e+02;-1.622682437e-03
2.157772522e+02;1.803754363e-03
2.159818420e+02;9.346093866e-04
2.161864624e+02;9.346093866e-04
2.163910675e+02;-1.392860440e-06
2.165957031e+02;1.135181286e-03
2.168003540e+02;8.217876893e-05
2.170050201e+02;1.636611065e-03
2.172097168e+02;4.666082677e-04
2.174143982e+02;-2.140826546e-03
2.176191254e+02;-1.087823999e-03
2.178238525e+02;1.402610447e-03
2.180286102e+02;9.346093866e-04
2.182333527e+02;-4.693939700e-04
2.184381409e+02;1.603182405e-03
2.186429291e+02;9.011807269e-04
2.188477478e+02;7.006088272e-04
2.190525818e+02;6.838944973e-04
2.192574158e+02;9.513237164e-04
2.194622803e+02;-2.090683673e-03
2.196671600e+02;-2.358112717e-03
2.198720398e+02;3.074042965e-03
2.200769501e+02;8.176090778e-04
2.202818604e+02;-1.685361203e-04
2.204868164e+02;6.003228482e-04
2.206917725e+02;1.101752627e-03
2.208967438e+02;6.170371780e-04
2.211017303e+02;7.674661465e-04
2.213067169e+02;6.671801675e-04
2.215117493e+02;-1.305110287e-03
2.217167816e+02;-2.274541184e-03
2.219218292e+02;1.803754363e-03
2.221269073e+02;1.018180978e-03
2.223319855e+02;3.663223179e-04
2.225370789e+02;8.343234076e-04
2.227421875e+02;3.496079880e-04
2.229473267e+02;1.235467265e-03
2.231524811e+02;6.170371780e-04
2.233576355e+02;1.118466957e-03
2.235628204e+02;-9.206807590e-04
2.237680206e+02;-9.039664292e-04
2.239732361e+02;1.703468384e-03
2.241784515e+02;1.168609946e-03
2.243836823e+02;1.185324276e-03
2.245889435e+02;9.346093866e-04
2.247942200e+02;1.657504035e-04
2.249995117e+02;5.334655871e-04
2.252048187e+02;1.268895925e-03
2.254101562e+02;5.167512572e-04
2.256154938e+02;-1.338538947e-03
2.258208313e+02;-1.355253276e-03
2.260261993e+02;6.170371780e-04
2.262315826e+02;5.000369274e-04
2.264369965e+02;2.372041345e-03
2.266424103e+02;7.674661465e-04
2.268478394e+02;1.502896426e-03
2.270532990e+02;1.670039725e-03
2.272587585e+02;1.001466648e-03
2.274642487e+02;2.493220381e-04
2.276697388e+02;-2.525256015e-03
2.278752594e+02;-1.171395648e-03
2.280807800e+02;1.001466648e-03
2.282863159e+02;1.135181286e-03
2.284918823e+02;-6.031086086e-04
2.286974640e+02;6.671801675e-04
2.289030457e+02;1.736897044e-03
2.291086578e+02;1.185324276e-03
2.293142853e+02;9.346093866e-04
2.295199280e+02;1.335753244e-03
2.297255859e+02;-1.806540065e-03
2.299312592e+02;-3.611687105e-03
2.301369476e+02;1.235467265e-03
2.303426514e+02;6.838944973e-04
2.305483704e+02;-6.699658697e-04
2.307541046e+02;2.994649985e-04
2.309598541e+02;4.666082677e-04
2.311656189e+02;4.498939379e-04
2.313713989e+02;9.011807269e-04
2.315771942e+02;1.034895307e-03
2.317830200e+02;-1.422110596e-03
2.319888458e+02;-1.672825427e-03
2.321946869e+02;1.151895616e-03
2.324005585e+02;1.085038297e-03
2.326064301e+02;1.034895307e-03
2.328123322e+02;6.671801675e-04
2.330182343e+02;6.671801675e-04
2.332241669e+02;8.677520673e-04
2.334300995e+02;1.636611065e-03
2.336360626e+02;7.841804763e-04
2.338420258e+02;-1.639396767e-03
2.340480194e+02;-1.004252350e-03
2.342540283e+02;1.335753244e-03
2.344600372e+02;1.135181286e-03
2.346660767e+02;1.151895616e-03
2.348721313e+02;9.011807269e-04
2.350782013e+02;6.337515078e-04
2.352842712e+02;1.051609637e-03
2.354903717e+02;1.101752627e-03
2.356964874e+02;3.663223179e-04
2.359026184e+02;-1.739682746e-03
2.361087646e+02;-1.890111715e-03
2.363149261e+02;1.536325086e-03
2.365211029e+02;1.135181286e-03
2.367272949e+02;1.369181904e-03
2.369335022e+02;6.003228482e-04
2.371397247e+02;2.994649985e-04
2.373459625e+02;-3.691080201e-04
2.375522156e+02;-5.028226296e-04
2.377584991e+02;6.671801675e-04
2.379647827e+02;-1.204824308e-03
2.381710815e+02;-2.274541184e-03
2.383773956e+02;1.419324777e-03
2.385837402e+02;4.833225976e-04
2.387900848e+02;1.135181286e-03
2.389964447e+02;3.328936582e-04
2.392028351e+02;1.085038297e-03
2.394092255e+02;1.686754054e-03
2.396156464e+02;7.674661465e-04
2.398220825e+02;1.135181286e-03
2.400285187e+02;-2.341398504e-03
2.402349854e+02;-3.327543614e-03
2.404414673e+02;3.496079880e-04
2.406479492e+02;1.252181595e-03
2.408544617e+02;2.037754981e-03
2.410609741e+02;6.504658377e-04
2.412675171e+02;1.352467574e-03
2.414740753e+02;9.680380463e-04
2.416806335e+02;4.331796081e-04
2.418872223e+02;5.668941885e-04
2.420938263e+02;-2.090683673e-03
2.423004456e+02;-2.186790953e-04
2.425070801e+02;2.405470004e-03
2.427137299e+02;4.498939379e-04
2.429203949e+02;8.008947480e-04
2.431270752e+02;1.034895307e-03
2.433337708e+02;2.326076938e-04
2.435404816e+02;4.164652782e-04
2.437472076e+02;-2.019647654e-04
2.439539490e+02;1.218752936e-03
2.441607056e+02;-1.505682128e-03
2.443674774e+02;-7.368231891e-04
2.445742798e+02;2.104612067e-03
2.447810822e+02;9.889309149e-05
2.449878998e+02;8.844663971e-04
2.451947327e+02;1.452753437e-03
2.454015808e+02;1.135181286e-03
2.456084442e+02;1.118466957e-03
2.458153381e+02;1.335753244e-03
2.460222321e+02;7.674661465e-04
2.462291412e+02;-2.073969226e-03
2.464360809e+02;-1.254967297e-03
2.466430206e+02;9.847523179e-04
2.468499908e+02;1.268895925e-03
2.470569611e+02;1.135181286e-03
2.472639465e+02;1.235467265e-03
2.474709625e+02;1.703468384e-03
2.476779785e+02;7.173231570e-04
2.478850250e+02;6.337515078e-04
2.480920868e+02;4.833225976e-04
2.482991486e+02;-1.873397385e-03
2.485062408e+02;-2.642256208e-03
2.487133331e+02;7.340374868e-04
2.489204559e+02;6.504658377e-04
2.491275787e+02;8.677520673e-04
2.493347473e+02;7.841804763e-04
2.495419006e+02;5.668941885e-04
2.497490845e+02;5.334655871e-04
2.499562683e+02;7.674661465e-04
2.501634827e+02;3.496079880e-04
2.503707123e+02;-1.773111406e-03
2.505779419e+02;-1.405396266e-03
2.507852173e+02;1.603182405e-03
2.509924927e+02;5.668941885e-04
2.511997681e+02;9.011807269e-04
2.514070740e+02;1.319038915e-03
2.516143951e+02;1.369181904e-03
2.518217163e+02;4.498939379e-04
2.520290833e+02;1.904040226e-03
2.522364502e+02;-3.523936903e-04
2.524438324e+02;-1.171395648e-03
2.526512146e+02;-1.204824308e-03
2.528586273e+02;1.235467265e-03
2.530660706e+02;1.168609946e-03
2.532735138e+02;1.001466648e-03
2.534809723e+02;3.830366186e-04
2.536884460e+02;3.997509484e-04
2.538959198e+02;2.660363389e-04
2.541034241e+02;3.328936582e-04
2.543109589e+02;3.203579035e-05
2.545184937e+02;-2.090683673e-03
2.547260437e+02;-3.193828976e-03
2.549336090e+02;1.670039725e-03
2.551411896e+02;-1.351074607e-04
2.553488007e+02;-4.025366798e-04
2.555564117e+02;4.331796081e-04
2.557640381e+02;1.302324585e-03
2.559716797e+02;1.034895307e-03
2.561793518e+02;7.340374868e-04
2.563870239e+02;7.674661465e-04
2.565946960e+02;-1.789825736e-03
2.568024292e+02;-1.154681318e-03
2.570101624e+02;2.054469194e-03
2.572178650e+02;7.006088272e-04
2.574256287e+02;5.668941885e-04
2.576333923e+02;9.346093866e-04
2.578411865e+02;1.034895307e-03
2.580489807e+02;6.337515078e-04
2.582568054e+02;8.510377374e-04
2.584646301e+02;1.135181286e-03
2.586724548e+02;-2.007111907e-03
2.588803406e+02;-2.575399121e-03
2.590882263e+02;1.987611875e-03
2.592961121e+02;1.268895925e-03
2.595040283e+02;1.753611374e-03
2.597119446e+02;1.168609946e-03
2.599198608e+02;6.504658377e-04
2.601278381e+02;6.838944973e-04
2.603357849e+02;8.677520673e-04
2.605437927e+02;7.507518167e-04
2.607518005e+02;-1.605968107e-03
2.609597778e+02;-1.171395648e-03
2.611678467e+02;1.135181286e-03
2.613758545e+02;2.660363389e-04
2.615839233e+02;1.034895307e-03
2.617920227e+02;8.343234076e-04
2.620000916e+02;3.203579035e-05
2.622082214e+02;3.328936582e-04
2.624163513e+02;-5.028226296e-04
2.626244812e+02;1.490360737e-04
2.628326416e+02;-1.438824926e-03
2.630408020e+02;-2.307969844e-03
2.632489929e+02;8.677520673e-04
2.634571838e+02;-1.016788156e-04
2.636654053e+02;1.185324276e-03
2.638736267e+02;8.008947480e-04
2.640818787e+02;9.346093866e-04
2.642901306e+02;1.135181286e-03
2.644984131e+02;-1.852504502e-04
2.647066956e+02;3.830366186e-04
2.649150085e+02;-2.207683865e-03
2.651233521e+02;-1.405396266e-03
2.653316650e+02;1.335753244e-03
2.655400391e+02;2.994649985e-04
2.657484131e+02;5.334655871e-04
2.659567871e+02;1.135181286e-03
2.661651917e+02;4.498939379e-04
2.663736267e+02;1.168609946e-03
2.665820312e+02;1.991790486e-04
2.667904968e+02;6.546443910e-05
2.669989319e+02;-1.572539448e-03
2.672073975e+02;-1.505682128e-03
2.674159241e+02;1.469467767e-03
2.676243896e+02;2.493220381e-04
2.678329468e+02;7.507518167e-04
2.680414734e+02;5.668941885e-04
2.682500305e+02;4.331796081e-04
2.684585876e+02;1.657504035e-04
2.686672058e+02;-6.031086086e-04
2.688757629e+02;1.151895616e-03
2.690843811e+02;-2.057255013e-03
2.692930298e+02;-2.257826738e-03
2.695016479e+02;1.937468885e-03
2.697103271e+02;2.326076938e-04
2.699189758e+02;1.302324585e-03
2.701276855e+02;-2.019647654e-04
2.703363953e+02;3.997509484e-04
2.705451050e+02;6.671801675e-04
2.707538452e+02;-1.371967606e-03
2.709626160e+02;8.343234076e-04
2.711713562e+02;-1.438824926e-03
2.713801575e+02;-2.224398078e-03
2.715889587e+02;8.343234076e-04
2.717977600e+02;1.268895925e-03
2.720065918e+02;1.168609946e-03
2.722154541e+02;5.000369274e-04
2.724242859e+02;6.546443910e-05
2.726331787e+02;1.118466957e-03
2.728420715e+02;-9.875380201e-04
2.730509644e+02;4.498939379e-04
2.732598877e+02;-1.472253469e-03
2.734688416e+02;-1.438824926e-03
2.736777649e+02;1.736897044e-03
2.738867493e+02;1.490360737e-04
2.740957336e+02;1.970897662e-03
2.743046875e+02;1.034895307e-03
2.745137329e+02;1.323217439e-04
2.747227478e+02;4.498939379e-04
2.749317932e+02;1.156074213e-04
2.751408386e+02;7.340374868e-04
2.753499146e+02;-1.689539757e-03
2.755589905e+02;-2.307969844e-03
2.757680969e+02;1.419324777e-03
2.759772034e+02;6.671801675e-04
2.761863403e+02;-2.353934251e-04
2.763955078e+02;8.677520673e-04
2.766046448e+02;7.006088272e-04
2.768138428e+02;3.328936582e-04
2.770230408e+02;1.101752627e-03
2.772322388e+02;7.006088272e-04
2.774414673e+02;-2.608827781e-03
2.776506958e+02;-2.959828591e-03
2.778599548e+02;1.736897044e-03
2.780692139e+02;1.657504035e-04
2.782785034e+02;3.496079880e-04
2.784878235e+02;4.164652782e-04
2.786971130e+02;1.235467265e-03
2.789064636e+02;8.343234076e-04
2.791158142e+02;7.340374868e-04
2.793251648e+02;5.501799169e-04
2.795345459e+02;-1.806540065e-03
2.797439270e+02;-2.959828591e-03
2.799533081e+02;1.586468075e-03
2.801627502e+02;4.666082677e-04
2.803721924e+02;1.268895925e-03
2.805816345e+02;8.510377374e-04
2.807911072e+02;1.268895925e-03
2.810006104e+02;1.323217439e-04
2.812100830e+02;8.677520673e-04
2.814195862e+02;-1.392860440e-06
2.816291199e+02;-2.107397886e-03
2.818386536e+02;-2.876256825e-03
2.820482178e+02;1.837183023e-03
2.822578125e+02;1.385896117e-03
2.824673767e+02;1.202038606e-03
2.826769714e+02;6.838944973e-04
2.828865967e+02;1.824647188e-04
2.830962219e+02;5.000369274e-04
2.833058777e+02;5.167512572e-04
2.835155334e+02;4.666082677e-04
2.837251892e+02;-2.073969226e-03
2.839349060e+02;-1.505682128e-03
2.841446228e+02;1.787040033e-03
2.843543396e+02;8.510377374e-04
2.845640564e+02;1.068323967e-03
2.847738342e+02;7.006088272e-04
2.849836121e+02;1.369181904e-03
2.851933594e+02;6.671801675e-04
2.854031677e+02;1.436039107e-03
2.856130066e+02;1.151895616e-03
2.858228149e+02;-1.555825118e-03
2.860326538e+02;-9.541094187e-04
2.862425232e+02;2.405470004e-03
2.864523926e+02;8.343234076e-04
2.866622925e+02;-6.031086086e-04
2.868721924e+02;9.889309149e-05
2.870820923e+02;9.513237164e-04
2.872920227e+02;2.994649985e-04
2.875019836e+02;1.319038915e-03
2.877119751e+02;6.546443910e-05
2.879219055e+02;-2.558684675e-03
2.881319275e+02;-1.572539448e-03
2.883419495e+02;7.340374868e-04
2.885519409e+02;6.546443910e-05
2.887619934e+02;1.135181286e-03
2.889720459e+02;4.666082677e-04
2.891820984e+02;1.302324585e-03
2.893921814e+02;1.118466957e-03
2.896022949e+02;-2.855364000e-04
2.898124390e+02;1.135181286e-03
2.900225220e+02;-1.689539757e-03
2.902326965e+02;-1.890111715e-03
2.904428406e+02;1.603182405e-03
2.906530151e+02;5.000369274e-04
2.908631897e+02;6.838944973e-04
2.910734253e+02;1.034895307e-03
2.912835999e+02;-7.368231891e-04
2.914938660e+02;8.176090778e-04
2.917041016e+02;3.328936582e-04
2.919143982e+02;1.502896426e-03
2.921246338e+02;-1.104538329e-03
2.923349609e+02;-3.022507299e-04
2.925452576e+02;1.569753746e-03
2.927555542e+02;9.011807269e-04
2.929659119e+02;1.252181595e-03
2.931762695e+02;-7.535375189e-04
2.933866272e+02;1.385896117e-03
2.935970154e+02;4.331796081e-04
2.938074341e+02;1.018180978e-03
2.940178528e+02;9.346093866e-04
2.942282410e+02;-1.438824926e-03
2.944387207e+02;-2.692399314e-03
2.946491699e+02;2.004326321e-03
2.948596191e+02;-5.529656191e-04
2.950701294e+02;1.068323967e-03
2.952806396e+02;5.000369274e-04
2.954911499e+02;1.202038606e-03
2.957016602e+02;1.001466648e-03
2.959122314e+02;-6.699658697e-04
2.961228027e+02;9.513237164e-04
2.963333435e+02;-1.605968107e-03
2.965439453e+02;-1.956969034e-03
2.967545776e+02;1.168609946e-03
2.969652100e+02;7.841804763e-04
2.971758118e+02;4.666082677e-04
2.973864746e+02;1.991790486e-04
2.975971680e+02;-5.696799490e-04
2.978078003e+02;7.340374868e-04
2.980185242e+02;-7.368231891e-04
2.982292480e+02;1.151895616e-03
2.984399719e+02;-1.806540065e-03
2.986506958e+02;-3.477972699e-03
2.988614502e+02;1.803754363e-03
2.990722351e+02;2.994649985e-04
2.992830200e+02;-2.023826353e-03
2.994938049e+02;1.323217439e-04
2.997046509e+02;-8.496448572e-05
2.999154663e+02;8.677520673e-04
3.001263123e+02;1.135181286e-03
3.003371582e+02;2.493220381e-04
3.005480652e+02;-2.207683865e-03
3.007589111e+02;-2.976542804e-03
3.009698486e+02;1.202038606e-03
3.011807556e+02;3.328936582e-04
3.013917236e+02;8.677520673e-04
3.016026306e+02;1.385896117e-03
3.018135986e+02;1.034895307e-03
3.020245972e+02;7.340374868e-04
3.022355957e+02;1.001466648e-03
3.024465942e+02;9.346093866e-04
3.026576233e+02;-2.525256015e-03
3.028686523e+02;-1.656111097e-03
3.030796814e+02;1.302324585e-03
3.032907715e+02;5.334655871e-04
3.035018616e+02;6.838944973e-04
3.037129822e+02;5.501799169e-04
3.039240723e+02;2.827506687e-04
3.041351929e+02;6.671801675e-04
3.043463440e+02;3.663223179e-04
3.045575256e+02;6.504658377e-04
3.047686768e+02;-1.873397385e-03
3.049798584e+02;-2.140826546e-03
3.051910706e+02;1.369181904e-03
3.054022522e+02;6.546443910e-05
3.056134949e+02;4.666082677e-04
3.058247681e+02;6.337515078e-04
3.060360107e+02;2.305184025e-03
3.062472839e+02;1.235467265e-03
3.064585876e+02;8.844663971e-04
3.066698914e+02;5.668941885e-04
3.068812256e+02;-1.973683247e-03
3.070925293e+02;-1.706254086e-03
3.073038940e+02;1.402610447e-03
3.075152588e+02;7.841804763e-04
3.077266541e+02;1.135181286e-03
3.079380188e+02;1.235467265e-03
3.081494446e+02;8.677520673e-04
3.083608704e+02;1.101752627e-03
3.085722656e+02;-2.019647654e-04
3.087837524e+02;4.331796081e-04
3.089952087e+02;-1.472253469e-03
3.092066956e+02;-2.826113952e-03
3.094181824e+02;1.920754556e-03
3.096296997e+02;-1.183931381e-04
3.098412476e+02;8.343234076e-04
3.100527954e+02;-6.825016317e-05
3.102643127e+02;1.252181595e-03
3.104758911e+02;6.337515078e-04
3.106875000e+02;3.663223179e-04
3.108991089e+02;1.419324777e-03
3.111106873e+02;-1.773111406e-03
3.113223267e+02;-2.608827781e-03
3.115339661e+02;1.703468384e-03
3.117456360e+02;6.546443910e-05
3.119573059e+02;1.068323967e-03
3.121689758e+02;5.000369274e-04
3.123807068e+02;-5.028226296e-04
3.125924377e+02;5.501799169e-04
3.128041382e+02;1.385896117e-03
3.130158997e+02;3.997509484e-04
3.132276611e+02;-1.722968416e-03
3.134394531e+02;-2.324684057e-03
3.136512146e+02;1.636611065e-03
3.138630371e+02;1.135181286e-03
3.140748596e+02;8.008947480e-04
3.142866821e+02;7.340374868e-04
3.144985352e+02;1.736897044e-03
3.147103882e+02;8.217876893e-05
3.149222717e+02;1.770325704e-03
3.151341858e+02;1.151895616e-03
3.153460693e+02;-1.589253778e-03
3.155580139e+02;-1.154681318e-03
3.157699585e+02;1.268895925e-03
3.159819031e+02;6.671801675e-04
3.161938477e+02;9.346093866e-04
3.164058533e+02;4.833225976e-04
3.166178284e+02;-7.033945294e-04
3.168298645e+02;1.135181286e-03
3.170418701e+02;9.889309149e-05
3.172539062e+02;1.335753244e-03
3.174659729e+02;-1.806540065e-03
3.176780396e+02;-6.198229385e-04
3.178901062e+02;1.970897662e-03
3.181022034e+02;1.034895307e-03
3.183143311e+02;3.997509484e-04
3.185264893e+02;8.008947480e-04
3.187385864e+02;1.085038297e-03
3.189507446e+02;4.875011655e-05
3.191629333e+02;1.490360737e-04
3.193751221e+02;-1.852504502e-04
3.195873108e+02;-2.090683673e-03
3.197995300e+02;-2.358112717e-03
3.200117798e+02;9.346093866e-04
3.202240295e+02;7.006088272e-04
3.204362488e+02;5.167512572e-04
3.206485291e+02;4.498939379e-04
3.208608398e+02;6.003228482e-04
3.210731506e+02;1.268895925e-03
3.212854309e+02;1.034895307e-03
3.214977722e+02;1.135181286e-03
3.217101440e+02;-2.140826546e-03
3.219225159e+02;-5.696799490e-04
3.221348572e+02;1.586468075e-03
3.223472595e+02;7.340374868e-04
3.225596619e+02;1.202038606e-03
3.227720947e+02;-1.016788156e-04
3.229845276e+02;6.337515078e-04
3.231969604e+02;6.671801675e-04
3.234094238e+02;6.671801675e-04
3.236219177e+02;6.671801675e-04
3.238344116e+02;-2.525256015e-03
3.240469055e+02;-8.705377695e-04
3.242594299e+02;1.937468885e-03
3.244719849e+02;7.173231570e-04
3.246845398e+02;6.337515078e-04
3.248970642e+02;9.889309149e-05
3.251096497e+02;1.268895925e-03
3.253222656e+02;5.000369274e-04
3.255348816e+02;1.068323967e-03
3.257474670e+02;8.677520673e-04
3.259601135e+02;-2.274541184e-03
3.261727905e+02;-2.274541184e-03
3.263854370e+02;1.085038297e-03
3.265981445e+02;7.006088272e-04
3.268108215e+02;1.352467574e-03
3.270235291e+02;9.513237164e-04
3.272362671e+02;7.340374868e-04
3.274490051e+02;4.164652782e-04
3.276617432e+02;4.666082677e-04
3.278745117e+02;1.168609946e-03
3.280873108e+02;-2.592113335e-03
3.283001099e+02;-1.355253276e-03
3.285129089e+02;1.385896117e-03
3.287257385e+02;6.838944973e-04
3.289385681e+02;1.686754054e-03
3.291514282e+02;1.657504035e-04
3.293643188e+02;1.135181286e-03
3.295771790e+02;7.006088272e-04
3.297900696e+02;2.994649985e-04
3.300029907e+02;7.841804763e-04
3.302159424e+02;-1.806540065e-03
3.304288635e+02;-2.023826353e-03
3.306418152e+02;6.671801675e-04
3.308547974e+02;3.328936582e-04
3.310677795e+02;4.666082677e-04
3.312807922e+02;2.660363389e-04
3.314937744e+02;1.536325086e-03
3.317068176e+02;9.680380463e-04
3.319198608e+02;2.493220381e-04
3.321329346e+02;3.496079880e-04
3.323459778e+02;-1.973683247e-03
3.325590820e+02;-1.973683247e-03
3.327721863e+02;1.970897662e-03
3.329852905e+02;2.994649985e-04
3.331984253e+02;6.170371780e-04
3.334115601e+02;6.671801675e-04
3.336247253e+02;2.326076938e-04
3.338378906e+02;8.008947480e-04
3.340510864e+02;5.501799169e-04
3.342642822e+02;8.008947480e-04
3.344775085e+02;-1.773111406e-03
3.346907349e+02;-4.146545660e-03
3.349039917e+02;1.920754556e-03
3.351172485e+02;1.268895925e-03
3.353305054e+02;8.217876893e-05
3.355437927e+02;2.158933785e-04
3.357571106e+02;1.369181904e-03
3.359704285e+02;1.323217439e-04
3.361837463e+02;9.889309149e-05
3.363970947e+02;1.302324585e-03
3.366104431e+02;-1.371967606e-03
3.368238220e+02;-9.708237485e-04
3.370372314e+02;1.436039107e-03
3.372506104e+02;3.997509484e-04
3.374640198e+02;1.135181286e-03
3.376774597e+02;-2.521077404e-04
3.378909302e+02;7.340374868e-04
3.381044006e+02;7.006088272e-04
3.383178406e+02;1.352467574e-03
3.385313416e+02;2.994649985e-04
3.387448425e+02;-1.505682128e-03
3.389583740e+02;-7.535375189e-04
3.391718750e+02;8.008947480e-04
3.393854370e+02;1.068323967e-03
3.395989990e+02;6.170371780e-04
3.398125916e+02;1.991790486e-04
3.400261841e+02;8.677520673e-04
3.402397461e+02;7.173231570e-04
3.404533691e+02;6.003228482e-04
3.406670227e+02;1.085038297e-03
3.408806763e+02;-8.872520993e-04
3.410943298e+02;-1.472253469e-03
3.413079834e+02;1.436039107e-03
3.415216980e+02;3.830366186e-04
3.417353821e+02;-4.526796401e-04
3.419491272e+02;8.844663971e-04
3.421628723e+02;3.997509484e-04
3.423765869e+02;7.340374868e-04
3.425903625e+02;-1.852504502e-04
3.428041382e+02;9.178950568e-04
3.430179138e+02;-2.809399506e-03
3.432317200e+02;-1.171395648e-03
3.434455261e+02;9.346093866e-04
3.436593628e+02;1.001466648e-03
3.438732300e+02;8.008947480e-04
3.440870972e+02;7.507518167e-04
3.443009338e+02;1.202038606e-03
3.445148315e+02;1.034895307e-03
3.447287598e+02;2.660363389e-04
3.449426880e+02;8.176090778e-04
3.451566162e+02;-2.608827781e-03
3.453705444e+02;-1.455539139e-03
3.455845032e+02;1.335753244e-03
3.457984924e+02;1.469467767e-03
3.460124817e+02;1.469467767e-03
3.462265015e+02;1.101752627e-03
3.464404907e+02;1.569753746e-03
3.466545105e+02;3.161793284e-04
3.468685608e+02;-3.482151078e-05
3.470826416e+02;5.501799169e-04
3.472967224e+02;-1.906826044e-03
3.475107727e+02;-1.204824308e-03
3.477248840e+02;1.469467767e-03
3.479390259e+02;3.997509484e-04
3.481531677e+02;3.328936582e-04
3.483673096e+02;1.168609946e-03
3.485814514e+02;1.937468885e-03
3.487956238e+02;3.496079880e-04
3.490098267e+02;6.838944973e-04
3.492240295e+02;1.156074213e-04
3.494382629e+02;-1.906826044e-03
3.496524658e+02;-4.192510096e-04
3.498666992e+02;3.663223179e-04
3.500809631e+02;1.469467767e-03
3.502952576e+02;1.235467265e-03
3.505095520e+02;1.319038915e-03
3.507238159e+02;1.369181904e-03
3.509381409e+02;9.011807269e-04
3.511524963e+02;2.994649985e-04
3.513668213e+02;3.663223179e-04
3.515812073e+02;-1.806540065e-03
3.517955322e+02;-2.324684057e-03
3.520099487e+02;1.887325896e-03
3.522243347e+02;6.838944973e-04
3.524387817e+02;6.337515078e-04
3.526531982e+02;7.841804763e-04
3.528676453e+02;1.168609946e-03
3.530820923e+02;1.034895307e-03
3.532965698e+02;7.006088272e-04
3.535110474e+02;1.168609946e-03
3.537255554e+02;-1.422110596e-03
3.539400940e+02;-1.806540065e-03
3.541546021e+02;1.385896117e-03
3.543691406e+02;6.337515078e-04
3.545837097e+02;-2.019647654e-04
3.547982788e+02;9.178950568e-04
3.550128784e+02;5.668941885e-04
3.552274475e+02;-8.496448572e-05
3.554420471e+02;3.328936582e-04
3.556567078e+02;-1.183931381e-04
3.558713379e+02;-1.806540065e-03
3.560859985e+02;-1.071109669e-03
3.563006592e+02;1.670039725e-03
3.565153503e+02;7.340374868e-04
3.567300415e+02;1.068323967e-03
3.569447632e+02;9.680380463e-04
3.571594849e+02;1.991790486e-04
3.573742371e+02;7.006088272e-04
3.575889587e+02;2.827506687e-04
3.578037415e+02;8.176090778e-04
3.580185242e+02;-1.656111097e-03
3.582333374e+02;-1.923540374e-03
3.584481506e+02;1.920754556e-03
3.586629333e+02;3.663223179e-04
3.588778076e+02;1.335753244e-03
3.590926514e+02;1.369181904e-03
3.593075256e+02;1.636611065e-03
3.595223999e+02;4.164652782e-04
3.597372742e+02;6.337515078e-04
3.599522095e+02;1.202038606e-03
3.601671143e+02;-1.956969034e-03
3.603820801e+02;-5.863942788e-04
3.605970154e+02;1.402610447e-03
3.608119812e+02;2.660363389e-04
3.610269470e+02;1.469467767e-03
3.612419434e+02;5.000369274e-04
3.614569702e+02;6.546443910e-05
3.616719971e+02;7.006088272e-04
3.618870239e+02;-3.482151078e-05
3.621020508e+02;5.334655871e-04
3.623171387e+02;-2.374827163e-03
3.625321960e+02;-3.076828783e-03
3.627473145e+02;1.703468384e-03
3.629624329e+02;1.135181286e-03
3.631775513e+02;1.402610447e-03
3.633926392e+02;9.178950568e-04
3.636078186e+02;4.331796081e-04
3.638229675e+02;1.085038297e-03
3.640381470e+02;6.838944973e-04
3.642533569e+02;3.830366186e-04
3.644685364e+02;-2.575399121e-03
3.646837463e+02;-2.976542804e-03
3.648989868e+02;9.680380463e-04
3.651142273e+02;1.034895307e-03
3.653294983e+02;1.034895307e-03
3.655447998e+02;1.085038297e-03
3.657600403e+02;1.185324276e-03
3.659753418e+02;1.235467265e-03
3.661906738e+02;9.178950568e-04
3.664060059e+02;2.326076938e-04
3.666213684e+02;-1.956969034e-03
3.668367310e+02;-1.990397694e-03
3.670520630e+02;1.820468693e-03
3.672674561e+02;2.326076938e-04
3.674828796e+02;3.997509484e-04
3.676982727e+02;7.340374868e-04
3.679137268e+02;1.101752627e-03
3.681291199e+02;6.504658377e-04
3.683446045e+02;8.176090778e-04
3.685600586e+02;2.660363389e-04
3.687755432e+02;-1.004252350e-03
3.689910583e+02;-2.023826353e-03
3.692065735e+02;2.660363389e-04
3.694220886e+02;4.666082677e-04
3.696376343e+02;-5.153583697e-05
3.698531799e+02;9.011807269e-04
3.700687561e+02;1.319038915e-03
3.702843323e+02;7.507518167e-04
3.704999390e+02;1.653325395e-03
3.707155151e+02;9.513237164e-04
3.709311523e+02;-1.488967799e-03
3.711467896e+02;-1.338538947e-03
3.713624573e+02;1.553039416e-03
3.715781250e+02;3.663223179e-04
3.717937927e+02;1.285610255e-03
3.720094604e+02;3.997509484e-04
3.722251892e+02;6.671801675e-04
3.724408875e+02;5.000369274e-04
3.726566467e+02;4.331796081e-04
3.728724060e+02;5.000369274e-04
3.730881653e+02;-1.572539448e-03
3.733039246e+02;-2.742542187e-03
3.735197144e+02;1.018180978e-03
3.737355042e+02;1.991790486e-04
3.739513245e+02;7.674661465e-04
3.741671753e+02;4.331796081e-04
3.743830261e+02;1.636611065e-03
3.745988464e+02;3.328936582e-04
3.748147278e+02;4.331796081e-04
3.750306091e+02;9.011807269e-04
3.752465210e+02;-1.689539757e-03
3.754624634e+02;-2.826113952e-03
3.756783752e+02;7.006088272e-04
3.758942871e+02;5.668941885e-04
3.761102600e+02;2.994649985e-04
3.763262329e+02;1.202038606e-03
3.765422363e+02;1.636611065e-03
3.767582092e+02;2.158933785e-04
3.769742432e+02;8.008947480e-04
3.771902466e+02;-1.392860440e-06
3.774062805e+02;-1.873397385e-03
3.776223450e+02;-3.294114955e-03
3.778384094e+02;1.870611566e-03
3.780545044e+02;5.668941885e-04
3.782705994e+02;2.326076938e-04
3.784866638e+02;6.003228482e-04
3.787027893e+02;1.051609637e-03
3.789189453e+02;3.997509484e-04
3.791351013e+02;9.680380463e-04
3.793512573e+02;1.787040033e-03
3.795674438e+02;-2.007111907e-03
3.797835999e+02;-8.371091681e-04
3.799998169e+02;1.385896117e-03
3.802160339e+02;1.519610756e-03
3.804322815e+02;1.436039107e-03
3.806485291e+02;1.101752627e-03
3.808648071e+02;1.135181286e-03
3.810810852e+02;9.680380463e-04
3.812973328e+02;9.680380463e-04
3.815136414e+02;1.268895925e-03
3.817299500e+02;-2.207683865e-03
3.819462891e+02;-1.756397076e-03
3.821626282e+02;1.904040226e-03
3.823789978e+02;1.135181286e-03
3.825953369e+02;5.668941885e-04
3.828117371e+02;2.994649985e-04
3.830281372e+02;9.680380463e-04
3.832445679e+02;3.161793284e-04
3.834609985e+02;1.469467767e-03
3.836774292e+02;1.185324276e-03
3.838938599e+02;-2.441684483e-03
3.841103210e+02;-2.408255823e-03
3.843268127e+02;1.335753244e-03
3.845433044e+02;7.173231570e-04
3.847598267e+02;8.343234076e-04
3.849763489e+02;1.419324777e-03
3.851928711e+02;5.668941885e-04
3.854093933e+02;6.838944973e-04
3.856259766e+02;-7.702518487e-04
3.858425598e+02;7.340374868e-04
3.860591431e+02;1.289329231e-01
3.862757568e+02;2.988507450e-01
3.864923706e+02;4.789977670e-01
3.867089844e+02;5.434147716e-01
3.869256287e+02;4.465385377e-01
3.871423035e+02;2.934018672e-01
3.873589783e+02;1.693147272e-01
3.875756531e+02;4.666500539e-02
3.877923584e+02;3.709187498e-03
3.880090942e+02;9.011807269e-04
3.882257690e+02;-1.873397385e-03
3.884425354e+02;-2.140826546e-03
3.886592712e+02;1.402610447e-03
3.888760681e+02;4.331796081e-04
3.890928345e+02;-2.688220702e-04
3.893096313e+02;1.118466957e-03
3.895264282e+02;1.135181286e-03
3.897432556e+02;1.101752627e-03
3.899600830e+02;6.003228482e-04
3.901769409e+02;-8.496448572e-05
3.903938293e+02;-1.605968107e-03
3.906106873e+02;-1.271681627e-03
3.908276062e+02;1.252181595e-03
3.910444641e+02;1.001466648e-03
3.912613831e+02;-1.016788156e-04
3.914783325e+02;3.790669888e-02
3.916952820e+02;1.311392039e-01
3.919122314e+02;1.364543587e-01
3.921292114e+02;1.087754369e-01
3.923462219e+02;3.188953921e-02
3.925631714e+02;-3.356793604e-04
3.927802124e+02;-1.071109669e-03
3.929972229e+02;2.271755366e-03
3.932142639e+02;4.666082677e-04
3.934313354e+02;8.176090778e-04
3.936484070e+02;2.239580266e-02
3.938654785e+02;6.244332716e-02
3.940825500e+02;8.439341560e-03
3.942996826e+02;1.135181286e-03
3.945168152e+02;8.343234076e-04
3.947339478e+02;-1.455539139e-03
3.949511108e+02;-2.408255823e-03
3.951682739e+02;1.235467265e-03
3.953854370e+02;6.170371780e-04
3.956026001e+02;8.510377374e-04
3.958198242e+02;4.331796081e-04
3.960370483e+02;-3.482151078e-05
3.962542725e+02;8.510377374e-04
3.964715271e+02;1.018180978e-03
3.966887817e+02;1.168609946e-03
3.969060669e+02;-1.305110287e-03
3.971233215e+02;-1.856683055e-03
3.973406372e+02;1.987611875e-03
3.975579529e+02;5.836085184e-04
3.977752686e+02;2.422184451e-03
3.979926147e+02;6.838944973e-04
3.982099609e+02;3.496079880e-04
3.984273376e+02;7.173231570e-04
3.986446838e+02;1.001466648e-03
3.988620911e+02;1.686754054e-03
3.990794983e+02;2.403380722e-02
3.992969360e+02;1.464035641e-02
3.995143738e+02;3.592187073e-03
3.997318115e+02;4.666082677e-04
3.999492798e+02;1.991790486e-04
4.001667480e+02;2.994649985e-04
4.003842163e+02;4.164652782e-04
4.006017456e+02;4.875011655e-05
4.008192444e+02;1.135181286e-03
4.010367737e+02;1.268895925e-03
4.012543335e+02;-7.368231891e-04
4.014718933e+02;-1.806540065e-03
4.016894226e+02;1.770325704e-03
4.019070129e+02;1.185324276e-03
4.021246338e+02;1.034895307e-03
4.023422241e+02;7.674661465e-04
4.025598755e+02;7.006088272e-04
4.027774963e+02;1.991790486e-04
4.029951477e+02;5.000369274e-04
4.032127991e+02;-1.271681627e-03
4.034304810e+02;-5.696799490e-04
4.036481628e+02;2.256754339e-01
4.038658752e+02;4.898119271e-01
4.040836182e+02;7.283754945e-01
4.043013306e+02;6.309309602e-01
4.045191040e+02;3.730623424e-01
4.047368469e+02;1.852936149e-01
4.049545898e+02;5.251501873e-02
4.051723938e+02;2.171469387e-03
4.053901978e+02;-2.521077404e-04
4.056080017e+02;-1.605968107e-03
4.058258362e+02;2.739756601e-03
4.060436707e+02;9.346093866e-04
4.062615356e+02;1.502896426e-03
4.064793701e+02;6.838944973e-04
4.066972656e+02;1.586468075e-03
4.069151611e+02;1.151895616e-03
4.071330566e+02;7.674661465e-04
4.073509827e+02;9.680380463e-04
4.075689392e+02;-5.028226296e-04
4.077868652e+02;-1.455539139e-03
4.080048523e+02;2.723042155e-03
4.082227783e+02;9.680380463e-04
4.084407959e+02;5.203030258e-02
4.086587830e+02;9.420054406e-02
4.088768005e+02;1.321420670e-01
4.090948486e+02;1.382595152e-01
4.093128662e+02;1.060677171e-01
4.095309448e+02;3.319325671e-02
4.097490234e+02;1.536325086e-03
4.099670715e+02;-2.019647654e-04
4.101851501e+02;3.759330371e-03
4.104032593e+02;9.847523179e-04
4.106213989e+02;1.670039725e-03
4.108395386e+02;5.167512572e-04
4.110576782e+02;1.369181904e-03
4.112758484e+02;1.803336479e-02
4.114939880e+02;2.071893960e-01
4.117121887e+02;4.392845035e-01
4.119303894e+02;7.143688798e-01
4.121486206e+02;7.047414184e-01
4.123668518e+02;5.096852779e-01
4.125850830e+02;3.406365514e-01
4.128033447e+02;2.604746521e-01
4.130216370e+02;1.923805028e-01
4.132398682e+02;2.032280862e-01
4.134581909e+02;1.891379207e-01
4.136764832e+02;1.407332271e-01
4.138948059e+02;5.769645795e-02
4.141131592e+02;8.556341752e-03
4.143315125e+02;2.455613110e-03
4.145498657e+02;8.890628815e-03
4.147682495e+02;1.586468075e-03
4.149866028e+02;1.051609637e-03
4.152050171e+02;1.151895616e-03
4.154234314e+02;2.071183641e-03
4.156418762e+02;7.340374868e-04
4.158603210e+02;1.335753244e-03
4.160787659e+02;9.011807269e-04
4.162972412e+02;-1.856683055e-03
4.165157166e+02;-2.073969226e-03
4.167341919e+02;1.335753244e-03
4.169526978e+02;8.343234076e-04
4.171712341e+02;-2.688220702e-04
4.173897705e+02;3.203579035e-05
4.176083374e+02;1.235467265e-03
4.178268738e+02;6.504658377e-04
4.180454712e+02;4.666082677e-04
4.182640686e+02;-2.855364000e-04
4.184826660e+02;-1.672825427e-03
4.187012634e+02;-1.321824617e-03
4.189198914e+02;1.001466648e-03
4.191385193e+02;1.118466957e-03
4.193571777e+02;1.118466957e-03
4.195758667e+02;1.436039107e-03
4.197945251e+02;1.135181286e-03
4.200132446e+02;4.666082677e-04
4.202319336e+02;1.252181595e-03
4.204506531e+02;2.438898664e-03
4.206693726e+02;-1.087823999e-03
4.208881226e+02;-2.759256633e-03
4.211069031e+02;9.011807269e-04
4.213256836e+02;4.666082677e-04
4.215444641e+02;-6.198229385e-04
4.217632751e+02;1.285610255e-03
4.219820862e+02;1.135181286e-03
4.222008972e+02;1.657504035e-04
4.224197388e+02;1.335753244e-03
4.226385803e+02;6.546443910e-05
4.228574524e+02;-1.572539448e-03
4.230763245e+02;-2.558684675e-03
4.232952271e+02;2.321898472e-03
4.235141296e+02;7.674661465e-04
4.237330627e+02;9.509058669e-03
4.239519958e+02;1.293549500e-02
4.241709290e+02;2.951610647e-02
4.243898926e+02;1.213320717e-02
4.246088562e+02;2.037754981e-03
4.248278503e+02;-2.688220702e-04
4.250468445e+02;-2.742542187e-03
4.252658691e+02;-1.238252968e-03
4.254848938e+02;6.149479188e-03
4.257039490e+02;8.372066170e-02
4.259230042e+02;3.529717326e-01
4.261420288e+02;6.765610576e-01
4.263611145e+02;8.943821788e-01
4.265802002e+02;7.922576666e-01
4.267993164e+02;4.513856769e-01
4.270184326e+02;2.303888798e-01
4.272375793e+02;1.132548749e-01
4.274567261e+02;2.964982018e-02
4.276758728e+02;1.334123611e-01
4.278950195e+02;3.973649740e-01
4.281141968e+02;9.320228100e-01
4.283334045e+02;1.000000000e+00
4.285526123e+02;1.000000000e+00
4.287718506e+02;1.000000000e+00
4.289910889e+02;9.474668503e-01
4.292103271e+02;4.880736470e-01
4.294295959e+02;3.577186167e-01
4.296488647e+02;2.563462257e-01
4.298681335e+02;1.493912488e-01
4.300874329e+02;5.965203419e-02
4.303067627e+02;3.090339527e-02
4.305260925e+02;1.582707278e-02
4.307454224e+02;9.926917031e-03
4.309647827e+02;2.150994353e-02
4.311841736e+02;8.181522787e-02
4.314035339e+02;1.684455872e-01
4.316229553e+02;2.478386313e-01
4.318423462e+02;2.200259864e-01
4.320617371e+02;1.532689780e-01
4.322811890e+02;4.226913676e-02
4.325006409e+02;3.536612168e-02
4.327200928e+02;1.905293763e-02
4.329395752e+02;6.137361005e-02
4.331590576e+02;7.497907430e-02
4.333785706e+02;1.599714160e-01
4.335980835e+02;1.536366940e-01
4.338175964e+02;1.527341157e-01
4.340371094e+02;9.941541404e-02
4.342566528e+02;1.145920232e-01
4.344762268e+02;6.685590744e-02
4.346958008e+02;5.716159940e-02
4.349154053e+02;2.105865814e-02
4.351350098e+02;4.512728751e-02
4.353546143e+02;5.249830335e-02
4.355742493e+02;8.430566639e-02
4.357939148e+02;8.728081733e-02
4.360135193e+02;9.510312229e-02
4.362332153e+02;9.015568346e-02
4.364528809e+02;1.008528471e-01
4.366725769e+02;8.527509868e-02
4.368923035e+02;7.260563970e-02
4.371120300e+02;2.503666654e-02
4.373317566e+02;1.457349956e-02
4.375515137e+02;2.739756601e-03
4.377712708e+02;3.308043582e-03
4.379910583e+02;1.803754363e-03
4.382108154e+02;2.264651842e-02
4.384306030e+02;3.553326428e-02
4.386504211e+02;9.724255651e-02
4.388702393e+02;1.338469237e-01
4.390900879e+02;1.755157411e-01
4.393099365e+02;1.356855035e-01
4.395298157e+02;1.021231338e-01
4.397496948e+02;2.455195226e-02
4.399695740e+02;1.470721420e-02
4.401894836e+02;3.191043390e-03
4.404093628e+02;2.326076938e-04
4.406293030e+02;-5.863942788e-04
4.408492432e+02;2.840042580e-03
4.410692139e+02;9.011807269e-04
4.412891846e+02;1.603182405e-03
4.415091553e+02;8.510377374e-04
4.417291565e+02;1.703468384e-03
4.419491882e+02;1.168609946e-03
4.421691895e+02;1.584378816e-02
4.423891907e+02;2.680838481e-02
4.426092529e+02;8.519152552e-02
4.428293152e+02;1.209434643e-01
4.430493774e+02;1.558095515e-01
4.432694702e+02;1.243364736e-01
4.434895630e+02;7.842222601e-02
4.437096863e+02;1.915322430e-02
4.439298096e+02;4.511475097e-03
4.441499634e+02;2.756470814e-03
4.443701172e+02;1.670039725e-03
4.445902710e+02;4.164652782e-04
4.448104248e+02;-4.359653394e-04
4.450306091e+02;-6.198229385e-04
4.452508240e+02;1.436039107e-03
4.454710388e+02;1.319038915e-03
4.456912537e+02;1.373778284e-02
4.459114990e+02;1.448282450e-01
4.461317749e+02;3.948578238e-01
4.463520203e+02;6.831465364e-01
4.465722961e+02;8.104094267e-01
4.467926025e+02;6.406587362e-01
4.470128784e+02;3.238720894e-01
4.472332153e+02;1.072711498e-01
4.474535217e+02;1.345363911e-02
4.476738892e+02;2.271755366e-03
4.478942566e+02;2.706327941e-03
4.481146240e+02;1.302324585e-03
4.483349915e+02;3.374900902e-03
4.485553894e+02;2.873471240e-03
4.487758179e+02;4.143760074e-03
4.489962158e+02;1.352467574e-03
4.492166443e+02;-1.271681627e-03
4.494370728e+02;-1.037681010e-03
4.496575623e+02;2.505755983e-03
4.498780212e+02;1.168609946e-03
4.500985107e+02;2.739756601e-03
4.503190002e+02;1.001466648e-03
4.505395203e+02;1.870611566e-03
4.507600403e+02;1.603182405e-03
4.509805908e+02;1.151895616e-03
4.512011414e+02;1.034895307e-03
4.514217224e+02;-6.532515399e-04
4.516422424e+02;-1.756397076e-03
4.518628540e+02;1.837183023e-03
4.520834656e+02;1.736897044e-03
4.523040771e+02;6.717766169e-03
4.525246887e+02;5.581191741e-03
4.527453308e+02;1.163177751e-02
4.529660034e+02;4.678618163e-03
4.531866760e+02;1.472392771e-02
4.534073486e+02;3.341472242e-03
4.536280518e+02;8.205341175e-03
4.538487549e+02;8.623199537e-03
4.540694275e+02;1.659593172e-02
4.542901611e+02;8.088340983e-03
4.545108948e+02;2.234566025e-02
4.547316589e+02;1.216663606e-02
4.549524231e+02;1.194935013e-02
4.551732178e+02;1.569753746e-03
4.553940125e+02;1.670039725e-03
4.556148376e+02;2.660363389e-04
4.558356323e+02;-8.872520993e-04
4.560564880e+02;-2.508541802e-03
4.562773438e+02;7.340374868e-04
4.564981689e+02;7.006088272e-04
4.567190247e+02;9.011807269e-04
4.569399109e+02;3.090757411e-03
4.571608276e+02;3.025153652e-02
4.573817139e+02;1.457349956e-02
4.576026611e+02;4.929332994e-03
4.578235779e+02;1.034895307e-03
4.580445251e+02;-8.496448572e-05
4.582655029e+02;-1.438824926e-03
4.584864807e+02;3.542044200e-03
4.587074585e+02;2.706327941e-03
4.589284668e+02;7.252624724e-03
4.591494446e+02;2.706327941e-03
4.593704834e+02;7.674661465e-04
4.595915222e+02;1.068323967e-03
4.598125610e+02;3.663223179e-04
4.600336304e+02;-1.221538638e-03
4.602546997e+02;-1.271681627e-03
4.604757996e+02;2.973757219e-03
4.606968994e+02;2.238326706e-03
4.609179993e+02;1.016091742e-02
4.611391296e+02;7.419767790e-03
4.613602905e+02;1.427264139e-02
4.615813904e+02;7.085481193e-03
4.618025818e+02;1.479078550e-02
4.620237427e+02;7.202481385e-03
4.622449341e+02;1.771579310e-02
4.624661560e+02;8.171912283e-03
4.626873474e+02;2.660781331e-02
4.629085999e+02;3.018467873e-02
4.631298218e+02;1.179014593e-01
4.633510742e+02;1.696155816e-01
4.635723572e+02;2.456657737e-01
4.637936401e+02;2.274471521e-01
4.640149231e+02;1.803127527e-01
4.642362366e+02;1.138900220e-01
4.644575195e+02;1.253894717e-01
4.646788635e+02;1.190213189e-01
4.649002075e+02;1.265427619e-01
4.651215515e+02;9.734284133e-02
4.653429260e+02;1.015214249e-01
4.655643005e+02;1.536032557e-01
4.657857056e+02;3.539411724e-01
4.660071106e+02;7.083517313e-01
4.662285461e+02;1.000000000e+00
4.664499512e+02;1.000000000e+00
4.666714172e+02;1.000000000e+00
4.668928528e+02;1.000000000e+00
4.671143188e+02;1.000000000e+00
4.673357849e+02;9.154422283e-01
4.675572815e+02;3.550443053e-01
4.677788086e+02;1.399977952e-01
4.680003052e+02;1.154110283e-01
4.682218628e+02;7.875651121e-02
4.684433899e+02;6.130675226e-02
4.686649475e+02;2.804524638e-02
4.688865356e+02;2.580552548e-02
4.691081238e+02;2.288051881e-02
4.693297119e+02;2.624009922e-02
4.695513306e+02;1.203292143e-02
4.697729492e+02;1.263463777e-02
4.699945374e+02;4.210617393e-03
4.702161865e+02;4.444617778e-03
4.704378662e+02;3.625615733e-03
4.706595154e+02;3.642330179e-03
4.708812256e+02;3.074042965e-03
4.711029053e+02;2.505755983e-03
4.713246155e+02;9.425486438e-03
4.715463562e+02;3.446354717e-02
4.717680664e+02;3.045210801e-02
4.719898376e+02;5.361816287e-02
4.722115784e+02;3.456383198e-02
4.724333496e+02;4.318842292e-02
4.726551514e+02;1.390492637e-02
4.728769226e+02;1.019434538e-02
4.730987244e+02;3.124186071e-03
4.733205566e+02;1.135181286e-03
4.735423889e+02;2.856756793e-03
4.737642517e+02;4.645189736e-03
4.739861145e+02;1.736897044e-03
4.742079773e+02;2.388755791e-03
4.744298706e+02;2.071183641e-03
4.746517639e+02;3.608901519e-03
4.748736572e+02;1.736897044e-03
4.750955811e+02;8.322341368e-03
4.753175354e+02;2.539184643e-03
4.755394897e+02;5.668941885e-04
4.757614136e+02;9.346093866e-04
4.759833984e+02;3.542044200e-03
4.762053833e+02;2.188183833e-03
4.764273682e+02;2.806613920e-03
4.766493835e+02;1.302324585e-03
4.768713989e+02;1.970897662e-03
4.770934448e+02;1.335753244e-03
4.773154907e+02;1.870611566e-03
4.775375671e+02;2.071183641e-03
4.777596436e+02;-4.192510096e-04
4.779817200e+02;-1.355253276e-03
4.782038269e+02;3.475186881e-03
4.784259338e+02;2.087897854e-03
4.786480713e+02;2.739756601e-03
4.788701782e+02;1.135181286e-03
4.790923157e+02;2.372041345e-03
4.793144836e+02;7.507518167e-04
4.795366516e+02;2.087897854e-03
4.797588501e+02;1.904040226e-03
4.799810486e+02;-6.031086086e-04
4.802032471e+02;6.337515078e-04
4.804254761e+02;3.776044818e-03
4.806477051e+02;4.912619013e-03
4.808699646e+02;4.693243280e-02
4.810922241e+02;5.742903054e-02
4.813145142e+02;6.688933820e-02
4.815367737e+02;5.839846283e-02
4.817590942e+02;3.996255994e-02
4.819813843e+02;1.174877770e-02
4.822037048e+02;2.969996445e-02
4.824260254e+02;4.183456302e-02
4.826483765e+02;7.497907430e-02
4.828707581e+02;6.485018879e-02
4.830931091e+02;7.690121979e-02
4.833154907e+02;5.498873815e-02
4.835379028e+02;6.476661563e-02
4.837603149e+02;5.448731035e-02
4.839827271e+02;5.803074688e-02
4.842051697e+02;1.952094026e-02
4.844276123e+02;1.771579310e-02
4.846500854e+02;8.422627114e-03
4.848725586e+02;5.547763314e-03
4.850950317e+02;2.071183641e-03
4.853175049e+02;5.547763314e-03
4.855400391e+02;1.218752936e-03
4.857625427e+02;7.887768559e-03
4.859850769e+02;4.043473862e-03
4.862076416e+02;1.923679560e-02
4.864302063e+02;1.876879483e-02
4.866527710e+02;7.160277665e-02
4.868753662e+02;1.159626022e-01
4.870979614e+02;2.033450902e-01
4.873205566e+02;2.761527002e-01
4.875431824e+02;4.062570035e-01
4.877658081e+02;4.588068426e-01
4.879884644e+02;4.710751772e-01
4.882111206e+02;3.838598132e-01
4.884338074e+02;3.067064881e-01
4.886564636e+02;2.246725708e-01
4.888791504e+02;1.842907667e-01
4.891018677e+02;1.337466389e-01
4.893245850e+02;1.024407074e-01
4.895473022e+02;3.496497497e-02
4.897700500e+02;3.513212129e-02
4.899928284e+02;1.032806002e-02
4.902155762e+02;7.954626344e-03
4.904383850e+02;2.171469387e-03
4.906611633e+02;7.085481193e-03
4.908839722e+02;6.650908850e-03
4.911068115e+02;2.339866385e-02
4.913296204e+02;2.438480780e-02
4.915524902e+02;4.691572115e-02
4.917753296e+02;2.697552927e-02
4.919981995e+02;3.661969304e-02
4.922210693e+02;1.783279330e-02
4.924439392e+02;2.908153459e-02
4.926668701e+02;6.500479765e-03
4.928897705e+02;9.158058092e-03
4.931127014e+02;4.093616735e-03
4.933356628e+02;9.692915715e-03
4.935586243e+02;9.759773500e-03
4.937815857e+02;3.767269850e-02
4.940045471e+02;4.074813426e-02
4.942275391e+02;6.648819149e-02
4.944505615e+02;5.803074688e-02
4.946735840e+02;9.002196789e-02
4.948966064e+02;9.018910676e-02
4.951196594e+02;1.439089477e-01
4.953427124e+02;1.019392833e-01
4.955657654e+02;9.154296666e-02
4.957888489e+02;3.610154986e-02
4.960119019e+02;2.916510589e-02
4.962350159e+02;1.123063359e-02
4.964581299e+02;1.109691896e-02
4.966812439e+02;2.572613303e-03
4.969043884e+02;4.076902755e-03
4.971275635e+02;2.572613303e-03
4.973507080e+02;1.928693987e-02
4.975738831e+02;5.480905995e-03
4.977970886e+02;2.954953536e-02
4.980202942e+02;9.826630354e-03
4.982434998e+02;3.011782281e-02
4.984667358e+02;1.360406820e-02
4.986899719e+02;1.103006210e-02
4.989132080e+02;1.536325086e-03
4.991364746e+02;3.040614305e-03
4.993597412e+02;1.118466957e-03
4.995830383e+02;2.739756601e-03
4.998063354e+02;1.486182096e-03
5.000296326e+02;-6.031086086e-04
5.002529602e+02;5.334655871e-04
5.004762878e+02;7.202481385e-03
5.006996460e+02;2.806613920e-03
5.009230042e+02;1.049520355e-02
5.011463623e+02;2.249608934e-02
5.013697510e+02;9.562126547e-02
5.015931396e+02;1.356520802e-01
5.018165588e+02;2.099639624e-01
5.020399780e+02;2.427909076e-01
5.022634277e+02;2.680295408e-01
5.024868774e+02;2.161649764e-01
5.027103271e+02;1.795104593e-01
5.029338074e+02;1.264926195e-01
5.031572876e+02;1.067864373e-01
5.033807678e+02;6.632105261e-02
5.036042786e+02;5.645959824e-02
5.038277893e+02;3.252468631e-02
5.040513000e+02;4.250313714e-02
5.042748413e+02;2.077451348e-02
5.044984131e+02;5.823131651e-02
5.047219849e+02;5.699445680e-02
5.049455566e+02;1.167314574e-01
5.051691284e+02;1.279634833e-01
5.053927612e+02;1.782067418e-01
5.056163635e+02;1.588849872e-01
5.058399963e+02;1.708022952e-01
5.060636292e+02;1.490903944e-01
5.062872925e+02;1.538539827e-01
5.065109558e+02;1.143245921e-01
5.067346191e+02;1.136727333e-01
5.069583130e+02;8.463995159e-02
5.071820374e+02;1.100791544e-01
5.074057312e+02;1.108480170e-01
5.076294556e+02;1.109483019e-01
5.078532104e+02;7.848908007e-02
5.080769653e+02;5.161244422e-02
5.083006897e+02;2.023965493e-02
5.085244751e+02;8.823771030e-03
5.087482605e+02;3.675758839e-03
5.089720459e+02;2.221194655e-02
5.091958618e+02;1.046177465e-02
5.094196777e+02;4.733357579e-02
5.096435242e+02;4.833643883e-02
5.098673706e+02;6.702305377e-02
5.100912170e+02;3.444683179e-02
5.103150940e+02;3.825769946e-02
5.105389709e+02;1.313606743e-02
5.107628784e+02;2.535424009e-02
5.109867859e+02;2.266323194e-02
5.112106934e+02;3.934412822e-02
5.114346313e+02;3.623526543e-02
5.116585693e+02;7.778707892e-02
5.118825378e+02;7.113477588e-02
5.121065063e+02;9.680797905e-02
5.123304443e+02;8.801624924e-02
5.125544434e+02;1.120848730e-01
5.127784424e+02;1.137228757e-01
5.130024414e+02;1.723400205e-01
5.132265015e+02;1.807473302e-01
5.134505615e+02;2.234022915e-01
5.136746216e+02;2.092285305e-01
5.138986816e+02;2.346008867e-01
5.141227417e+02;1.997682303e-01
5.143468018e+02;2.109334022e-01
5.145709229e+02;2.218311429e-01
5.147950439e+02;2.645863891e-01
5.150191650e+02;3.206462264e-01
5.152432861e+02;3.696526289e-01
5.154674683e+02;3.585543334e-01
5.156915894e+02;3.629668951e-01
5.159157715e+02;3.736974895e-01
5.161399536e+02;5.039856434e-01
5.163641968e+02;5.179421306e-01
5.165883789e+02;4.077613056e-01
5.168126221e+02;3.381628394e-01
5.170368042e+02;2.553935051e-01
5.172611084e+02;1.935504973e-01
5.174853516e+02;1.339137852e-01
5.177095947e+02;1.132883057e-01
5.179338989e+02;7.949194312e-02
5.181582031e+02;9.734284133e-02
5.183825073e+02;8.621110022e-02
5.186068115e+02;1.125695929e-01
5.188311157e+02;1.217457578e-01
5.190554810e+02;1.328106374e-01
5.192798462e+02;1.054325774e-01
5.195042114e+02;9.221154451e-02
5.197285767e+02;4.860386625e-02
5.199529419e+02;4.489328712e-02
5.201773682e+02;1.726450585e-02
5.204017944e+02;2.573866956e-02
5.206261597e+02;1.019434538e-02
5.208505859e+02;2.139294334e-02
5.210750122e+02;1.240063645e-02
5.212994995e+02;2.766081691e-02
5.215239868e+02;2.323151939e-02
5.217484741e+02;6.859420240e-02
5.219729614e+02;9.085768461e-02
5.221974487e+02;1.235508993e-01
5.224219971e+02;1.312060654e-01
5.226464844e+02;1.336797774e-01
5.228710327e+02;1.062348634e-01
5.230955811e+02;1.049311459e-01
5.233201904e+02;9.293025732e-02
5.235447388e+02;1.013208479e-01
5.237693481e+02;9.105825424e-02
5.239939575e+02;9.042310715e-02
5.242185669e+02;7.666721940e-02
5.244431763e+02;8.390451968e-02
5.246678467e+02;6.030389294e-02
5.248925171e+02;5.054272711e-02
5.251171875e+02;3.170568123e-02
5.253418579e+02;5.933446437e-02
5.255665283e+02;3.481454775e-02
5.257911987e+02;5.692759901e-02
5.260159302e+02;5.254844576e-02
5.262406616e+02;6.693948060e-02
5.264653931e+02;4.964015633e-02
5.266901245e+02;7.431049645e-02
5.269149170e+02;6.006989256e-02
5.271396484e+02;1.011202782e-01
5.273644409e+02;9.901427478e-02
5.275892334e+02;1.334792078e-01
5.278140869e+02;1.145585924e-01
5.280388794e+02;9.857969731e-02
5.282637329e+02;6.281104684e-02
5.284885254e+02;7.554735988e-02
5.287133789e+02;5.002458394e-02
5.289382935e+02;7.969251275e-02
5.291631470e+02;5.077672750e-02
5.293880615e+02;5.632588640e-02
5.296129150e+02;2.988382243e-02
5.298378296e+02;4.890472442e-02
5.300628052e+02;2.319809049e-02
5.302877197e+02;3.844155744e-02
5.305126953e+02;1.895265281e-02
5.307376099e+02;2.119237185e-02
5.309625854e+02;7.018623874e-03
5.311875610e+02;2.871381864e-02
5.314125977e+02;1.644550450e-02
5.316375732e+02;4.387371242e-02
5.318626099e+02;3.991241753e-02
5.320876465e+02;7.076705992e-02
5.323126831e+02;3.668655083e-02
5.325376587e+02;6.129004061e-02
5.327627563e+02;3.198982775e-02
5.329878540e+02;4.385699704e-02
5.332128906e+02;3.041867912e-02
5.334380493e+02;4.211870953e-02
5.336631470e+02;3.847498447e-02
5.338882446e+02;5.330059305e-02
5.341134033e+02;3.782312572e-02
5.343385620e+02;5.224758759e-02
5.345637207e+02;4.506042972e-02
5.347888794e+02;8.067865670e-02
5.350140991e+02;5.940132216e-02
5.352392578e+02;1.017721370e-01
5.354644775e+02;7.574792951e-02
5.356896973e+02;9.934855998e-02
5.359149170e+02;6.635448337e-02
5.361401978e+02;8.963753283e-02
5.363654175e+02;5.701117218e-02
5.365906982e+02;7.521307468e-02
5.368159790e+02;4.028013349e-02
5.370412598e+02;5.562388152e-02
5.372666016e+02;3.402897343e-02
5.374918823e+02;5.480488017e-02
5.377172241e+02;3.872570023e-02
5.379425659e+02;5.724517256e-02
5.381679077e+02;3.671998158e-02
5.383932495e+02;6.668876857e-02
5.386186523e+02;4.708286375e-02
5.388440552e+02;7.200392336e-02
5.390694580e+02;5.599159747e-02
5.392948608e+02;7.207077742e-02
5.395202637e+02;5.452073738e-02
5.397456665e+02;8.393795043e-02
5.399711304e+02;6.628762186e-02
5.401965942e+02;9.393312037e-02
5.404220581e+02;9.446797520e-02
5.406475220e+02;1.236511916e-01
5.408730469e+02;1.105805859e-01
5.410985107e+02;1.273951977e-01
5.413240356e+02;1.030925661e-01
5.415495605e+02;1.096111536e-01
5.417750854e+02;7.003163546e-02
5.420006714e+02;8.764853328e-02
5.422261963e+02;5.391902104e-02
5.424517822e+02;7.026563585e-02
5.426773682e+02;4.031356052e-02
5.429029541e+02;5.609188601e-02
5.431286011e+02;4.074813426e-02
5.433541870e+02;4.524428770e-02
5.435798340e+02;3.967841715e-02
5.438054810e+02;7.143563777e-02
5.440311279e+02;7.939165086e-02
5.442567749e+02;8.550909907e-02
5.444824829e+02;7.023220509e-02
5.447081909e+02;6.511761993e-02
5.449338989e+02;3.586754948e-02
5.451596069e+02;4.576243088e-02
5.453853149e+02;2.881410532e-02
5.456110229e+02;4.078156129e-02
5.458367920e+02;3.850841522e-02
5.460625610e+02;6.822648644e-02
5.462883301e+02;5.592473969e-02
5.465140991e+02;5.993618071e-02
5.467399292e+02;4.126627743e-02
5.469656982e+02;5.346773565e-02
5.471915283e+02;5.268216133e-02
5.474173584e+02;6.916248798e-02
5.476431885e+02;4.746729136e-02
5.478690796e+02;4.823615029e-02
5.480948486e+02;2.527066693e-02
5.483207397e+02;3.790669888e-02
5.485466309e+02;1.801664941e-02
5.487725220e+02;2.369952016e-02
5.489984131e+02;1.236720849e-02
5.492243652e+02;2.730981447e-02
5.494502563e+02;1.240063645e-02
5.496762085e+02;2.863024734e-02
5.499021606e+02;1.592735946e-02
5.501281738e+02;2.162694372e-02
5.503541260e+02;1.173206419e-02
5.505801392e+02;2.097508498e-02
5.508061523e+02;1.308592409e-02
5.510321655e+02;2.174394578e-02
5.512581787e+02;1.340349670e-02
5.514841919e+02;1.771579310e-02
5.517102661e+02;1.469049975e-02
5.519363403e+02;2.393352240e-02
5.521624146e+02;1.390492637e-02
5.523884888e+02;1.922008209e-02
5.526145630e+02;1.039491780e-02
5.528406982e+02;1.744836383e-02
5.530668335e+02;6.316622254e-03
5.532929688e+02;1.047848910e-02
5.535191040e+02;1.870611566e-03
5.537452393e+02;3.943188116e-03
5.539713745e+02;4.210617393e-03
5.541975708e+02;1.072920393e-02
5.544237671e+02;1.169863530e-02
5.546499634e+02;3.376154602e-02
5.548761597e+02;2.476923726e-02
5.551024170e+02;6.521790475e-02
5.553286133e+02;5.408616364e-02
5.555548706e+02;7.721879333e-02
5.557811279e+02;4.810243472e-02
5.560073853e+02;5.124472827e-02
5.562337036e+02;3.080310859e-02
5.564599609e+02;3.763926774e-02
5.566862793e+02;1.855150796e-02
5.569125977e+02;2.964982018e-02
5.571389160e+02;1.271820907e-02
5.573652954e+02;1.607778855e-02
5.575916138e+02;4.361046012e-03
5.578179932e+02;1.450664178e-02
5.580443726e+02;4.595046863e-03
5.582707520e+02;2.174394578e-02
5.584971313e+02;1.077934727e-02
5.587235718e+02;3.055239469e-02
5.589499512e+02;1.293549500e-02
5.591763916e+02;2.801181749e-02
5.594028320e+02;1.651236042e-02
5.596292725e+02;3.389525786e-02
5.598557739e+02;1.437292714e-02
5.600822144e+02;3.962827474e-02
5.603087158e+02;2.234566025e-02
5.605352173e+02;5.291616172e-02
5.607617188e+02;4.011298716e-02
5.609882812e+02;5.378530547e-02
5.612147827e+02;2.092494257e-02
5.614413452e+02;2.782795951e-02
5.616679077e+02;4.528189544e-03
5.618944702e+02;1.778264903e-02
5.621210327e+02;6.350050680e-03
5.623475952e+02;1.890251040e-02
5.625742188e+02;4.946047440e-03
5.628008423e+02;2.089151368e-02
5.630274658e+02;1.121392008e-02
5.632540894e+02;2.289723419e-02
5.634807739e+02;1.696364768e-02
5.637073975e+02;2.697552927e-02
5.639340820e+02;8.272198029e-03
5.641607666e+02;2.286380529e-02
5.643874512e+02;2.087480016e-02
5.646141357e+02;3.561683372e-02
5.648408813e+02;1.400521211e-02
5.650676270e+02;2.998410724e-02
5.652943726e+02;2.421766520e-02
5.655211182e+02;3.900984302e-02
5.657478638e+02;5.020844191e-02
5.659746094e+02;9.045653790e-02
5.662014160e+02;8.072879910e-02
5.664282227e+02;1.195060387e-01
5.666550293e+02;1.057334319e-01
5.668818359e+02;1.151268855e-01
5.671087036e+02;6.501733512e-02
5.673355103e+02;7.820493728e-02
5.675623779e+02;8.517481387e-02
5.677892456e+02;1.478869617e-01
5.680161133e+02;1.712201536e-01
5.682429810e+02;1.964922249e-01
5.684699097e+02;1.882019192e-01
5.686968384e+02;1.713204384e-01
5.689237061e+02;1.499929726e-01
5.691506348e+02;1.561772674e-01
5.693776245e+02;1.686127186e-01
5.696045532e+02;1.870151907e-01
5.698315430e+02;1.820844710e-01
5.700585327e+02;1.732927412e-01
5.702855225e+02;1.418363750e-01
5.705125122e+02;1.500932574e-01
5.707395020e+02;2.153459787e-01
5.709665527e+02;3.427760005e-01
5.711935425e+02;4.787637591e-01
5.714205933e+02;6.385527253e-01
5.716477051e+02;6.250475049e-01
5.718747559e+02;4.836777747e-01
5.721018066e+02;3.073750436e-01
5.723289185e+02;2.577335238e-01
5.725560303e+02;2.156635523e-01
5.727831421e+02;1.822850406e-01
5.730102539e+02;1.312060654e-01
5.732374268e+02;1.008862779e-01
5.734645386e+02;4.908858240e-02
5.736917114e+02;4.887129366e-02
5.739188843e+02;4.693243280e-02
5.741460571e+02;2.413409390e-02
5.743732300e+02;3.188953921e-02
5.746004639e+02;1.352049690e-02
5.748276978e+02;2.159351669e-02
5.750548706e+02;2.161023021e-02
5.752821655e+02;5.639274046e-02
5.755093994e+02;4.021327570e-02
5.757366333e+02;6.852734089e-02
5.759639282e+02;4.559528828e-02
5.761912231e+02;4.542814568e-02
5.764185181e+02;1.962122507e-02
5.766458130e+02;3.730498254e-02
5.768731079e+02;2.072437108e-02
5.771004028e+02;2.607295476e-02
5.773277588e+02;8.706770837e-03
5.775551147e+02;1.778264903e-02
5.777824707e+02;5.932192784e-03
5.780098267e+02;2.087480016e-02
5.782371826e+02;1.443978492e-02
5.784645996e+02;2.578881197e-02
5.786920166e+02;1.420578361e-02
5.789194336e+02;3.078639507e-02
5.791468506e+02;1.587721705e-02
5.793743286e+02;3.289239854e-02
5.796017456e+02;1.462364197e-02
5.798292236e+02;3.812398389e-02
5.800567017e+02;2.680838481e-02
5.802841797e+02;4.211870953e-02
5.805116577e+02;2.961639315e-02
5.807391968e+02;4.011298716e-02
5.809666748e+02;3.055239469e-02
5.811942139e+02;4.512728751e-02
5.814217529e+02;3.155525401e-02
5.816493530e+02;5.301644653e-02
5.818768921e+02;2.844638936e-02
5.821044922e+02;4.198499396e-02
5.823320312e+02;1.311935298e-02
5.825596313e+02;2.975010686e-02
5.827872925e+02;1.433949824e-02
5.830148926e+02;2.734324336e-02
5.832424927e+02;1.958779618e-02
5.834701538e+02;2.507009543e-02
5.836978149e+02;3.326011449e-02
5.839254761e+02;4.731686413e-02
5.841531372e+02;5.328387767e-02
5.843808594e+02;7.673407346e-02
5.846085205e+02;6.790891290e-02
5.848362427e+02;7.263906300e-02
5.850639648e+02;6.347961724e-02
5.852916870e+02;6.989791989e-02
5.855194702e+02;4.586271569e-02
5.857471924e+02;5.284930393e-02
5.859749756e+02;3.061925247e-02
5.862027588e+02;3.693726659e-02
5.864305420e+02;1.881893724e-02
5.866583252e+02;3.038525209e-02
5.868861694e+02;2.415080741e-02
5.871139526e+02;3.439668939e-02
5.873417969e+02;2.627352625e-02
5.875696411e+02;3.869226947e-02
5.877974854e+02;1.948751137e-02
5.880253906e+02;2.854667604e-02
5.882532349e+02;7.820911705e-03
5.884811401e+02;2.430123650e-02
5.887090454e+02;1.621150225e-02
5.889369507e+02;2.660781331e-02
5.891648560e+02;1.771579310e-02
5.893927612e+02;2.968324907e-02
5.896207275e+02;2.145980112e-02
5.898486938e+02;9.373254329e-02
5.900766602e+02;2.088608146e-01
5.903046265e+02;3.661760688e-01
5.905325928e+02;5.085486770e-01
5.907606201e+02;6.750901937e-01
5.909886475e+02;6.579413414e-01
5.912166748e+02;4.869203568e-01
5.914447021e+02;3.479574323e-01
5.916727295e+02;2.824038565e-01
5.919007568e+02;2.401500344e-01
5.921288452e+02;2.120699733e-01
5.923569336e+02;1.711533070e-01
5.925850220e+02;1.402318031e-01
5.928131104e+02;8.895225078e-02
5.930411987e+02;8.928653598e-02
5.932693481e+02;5.756274611e-02
5.934974976e+02;7.768679410e-02
5.937255859e+02;5.458759516e-02
5.939537964e+02;7.728564739e-02
5.941819458e+02;6.083875149e-02
5.944100952e+02;8.592695743e-02
5.946383057e+02;7.416006923e-02
5.948665161e+02;9.286340326e-02
5.950947266e+02;7.775364816e-02
5.953229370e+02;1.009197086e-01
5.955511475e+02;1.021732837e-01
5.957794189e+02;1.218794733e-01
5.960076294e+02;1.119010150e-01
5.962359009e+02;1.094774380e-01
5.964641724e+02;8.634481579e-02
5.966925049e+02;8.500766754e-02
5.969207764e+02;7.882336527e-02
5.971491089e+02;9.359882772e-02
5.973773804e+02;8.701338619e-02
5.976057129e+02;9.059025347e-02
5.978340454e+02;6.505076587e-02
5.980624390e+02;6.839362532e-02
5.982907715e+02;6.341275573e-02
5.985191650e+02;7.058320194e-02
5.987475586e+02;5.518931150e-02
5.989759521e+02;6.122318283e-02
5.992043457e+02;6.152404100e-02
5.994328003e+02;7.482863963e-02
5.996611938e+02;7.115149498e-02
5.998896484e+02;8.646181226e-02
6.001181030e+02;6.836020201e-02
6.003465576e+02;6.053789333e-02
6.005750122e+02;5.908374861e-02
6.008035278e+02;6.232632697e-02
6.010319824e+02;5.876617506e-02
6.012604980e+02;6.453261524e-02
6.014890137e+02;4.699929059e-02
6.017175903e+02;6.118975207e-02
6.019461670e+02;5.064301565e-02
6.021746826e+02;4.967358336e-02
6.024032593e+02;3.730498254e-02
6.026318359e+02;4.760100693e-02
6.028604126e+02;6.334590167e-02
6.030889893e+02;8.191552013e-02
6.033176270e+02;7.688450813e-02
6.035462646e+02;1.006522775e-01
6.037748413e+02;8.808310330e-02
6.040034790e+02;9.125882387e-02
6.042321777e+02;6.809277087e-02
6.044608154e+02;8.201580495e-02
6.046894531e+02;7.076705992e-02
6.049181519e+02;1.045968607e-01
6.051468506e+02;9.047324955e-02
6.053755493e+02;9.817855805e-02
6.056042480e+02;8.744795620e-02
6.058330078e+02;8.425552398e-02
6.060617065e+02;6.688933820e-02
6.062904663e+02;6.354647130e-02
6.065192261e+02;5.662674084e-02
6.067479858e+02;6.090560928e-02
6.069768066e+02;4.445871338e-02
6.072055664e+02;5.019172654e-02
6.074343872e+02;3.051896580e-02
6.076632080e+02;3.917698562e-02
6.078920288e+02;3.011782281e-02
6.081208496e+02;3.386183083e-02
6.083496704e+02;2.132608742e-02
6.085785522e+02;2.446837910e-02
6.088074341e+02;1.560978778e-02
6.090362549e+02;2.854667604e-02
6.092651978e+02;2.849653177e-02
6.094940796e+02;3.653612360e-02
6.097229614e+02;3.080310859e-02
6.099519043e+02;5.037558451e-02
6.101808472e+02;3.695398197e-02
6.104097900e+02;5.532302707e-02
6.106387329e+02;6.468304992e-02
6.108676758e+02;1.253894717e-01
6.110966797e+02;1.665067226e-01
6.113256226e+02;2.294528633e-01
6.115546265e+02;2.583686411e-01
6.117836304e+02;2.612769604e-01
6.120126953e+02;2.302551568e-01
6.122416992e+02;1.979630738e-01
6.124707642e+02;1.780396104e-01
6.126997681e+02;1.753987372e-01
6.129288330e+02;1.601218432e-01
6.131578979e+02;1.731255949e-01
6.133870239e+02;1.562775522e-01
6.136160889e+02;1.439423859e-01
6.138452148e+02;1.169988886e-01
6.140743408e+02;1.230828986e-01
6.143034668e+02;1.011202782e-01
6.145325928e+02;1.065022871e-01
6.147617188e+02;8.731424809e-02
6.149909058e+02;9.704197943e-02
6.152200317e+02;9.015568346e-02
6.154492188e+02;9.966613352e-02
6.156784058e+02;9.109168500e-02
6.159076538e+02;1.055997163e-01
6.161368408e+02;1.115834489e-01
6.163660889e+02;1.493912488e-01
6.165952759e+02;1.605564207e-01
6.168245239e+02;1.977290809e-01
6.170537720e+02;2.048159540e-01
6.172830811e+02;2.206611335e-01
6.175123291e+02;2.019745260e-01
6.177416382e+02;1.928485036e-01
6.179709473e+02;1.690138727e-01
6.182002563e+02;1.554752588e-01
6.184295654e+02;1.428726614e-01
6.186588745e+02;1.426888108e-01
6.188882446e+02;1.103800163e-01
6.191175537e+02;1.053657159e-01
6.193469238e+02;8.776552975e-02
6.195762939e+02;7.929136604e-02
6.198057251e+02;6.337933242e-02
6.200350952e+02;6.953020394e-02
6.202645264e+02;5.388559401e-02
6.204938965e+02;5.726188794e-02
6.207233276e+02;4.093199223e-02
6.209527588e+02;5.405273661e-02
6.211822510e+02;2.924867719e-02
6.214116821e+02;4.011298716e-02
6.216411743e+02;3.366125748e-02
6.218706665e+02;3.934412822e-02
6.221001587e+02;3.439668939e-02
6.223296509e+02;4.823615029e-02
6.225591431e+02;3.666983917e-02
6.227886963e+02;4.646443203e-02
6.230181885e+02;3.757240996e-02
6.232477417e+02;5.064301565e-02
6.234772949e+02;4.211870953e-02
6.237068481e+02;4.810243472e-02
6.239364624e+02;3.997927532e-02
6.241660156e+02;4.288756847e-02
6.243956299e+02;3.322668746e-02
6.246252441e+02;4.439185560e-02
6.248548584e+02;4.582928866e-02
6.250844727e+02;1.029755697e-01
6.253141479e+02;1.336463541e-01
6.255437622e+02;1.777220368e-01
6.257734375e+02;2.035122365e-01
6.260031128e+02;2.174519897e-01
6.262327881e+02;1.894721985e-01
6.264625244e+02;1.594532728e-01
6.266921997e+02;1.448449492e-01
6.269219360e+02;1.506949663e-01
6.271516113e+02;1.460651010e-01
6.273813477e+02;1.504275352e-01
6.276111450e+02;1.390617937e-01
6.278408813e+02;1.396635175e-01
6.280706787e+02;1.051150039e-01
6.283004150e+02;9.294696897e-02
6.285302124e+02;5.878289044e-02
6.287600098e+02;5.829817429e-02
6.289898071e+02;4.248642176e-02
6.292196655e+02;3.750555217e-02
6.294494629e+02;3.575054929e-02
6.296793213e+02;3.997927532e-02
6.299091797e+02;2.313123457e-02
6.301390381e+02;2.832938917e-02
6.303688965e+02;2.343209088e-02
6.305988159e+02;3.409583122e-02
6.308286743e+02;2.224537544e-02
6.310585938e+02;2.552138269e-02
6.312885132e+02;1.975494064e-02
6.315184326e+02;2.852996066e-02
6.317484131e+02;2.090822905e-02
6.319783325e+02;2.921524830e-02
6.322083130e+02;2.408394963e-02
6.324382935e+02;2.660781331e-02
6.326683350e+02;4.663157463e-02
6.328983154e+02;5.064301565e-02
6.331282959e+02;5.482159555e-02
6.333583374e+02;4.382357001e-02
6.335883179e+02;7.441078871e-02
6.338183594e+02;5.940132216e-02
6.340484009e+02;7.073363662e-02
6.342784424e+02;4.885458201e-02
6.345085449e+02;4.405757040e-02
6.347385864e+02;3.459726274e-02
6.349686890e+02;4.768458009e-02
6.351987915e+02;5.291616172e-02
6.354288940e+02;7.325749844e-02
6.356589966e+02;1.111823022e-01
6.358891602e+02;1.590521336e-01
6.361192627e+02;1.935170740e-01
6.363494263e+02;2.423897535e-01
6.365795898e+02;2.497774959e-01
6.368097534e+02;2.358043194e-01
6.370399170e+02;1.753653139e-01
6.372701416e+02;1.552412659e-01
6.375003052e+02;1.400980800e-01
6.377305298e+02;1.440092325e-01
6.379607544e+02;1.424380839e-01
6.381909790e+02;1.468840986e-01
6.384212646e+02;1.437418014e-01
6.386514893e+02;1.456305236e-01
6.388817749e+02;1.310723424e-01
6.391120605e+02;1.262920499e-01
6.393423462e+02;1.093102992e-01
6.395726318e+02;1.024239957e-01
6.398029175e+02;7.898947597e-02
6.400332642e+02;8.309678733e-02
6.402635498e+02;6.610812247e-02
6.404938965e+02;6.999543309e-02
6.407242432e+02;3.482878953e-02
6.409545898e+02;5.134951323e-02
6.411849976e+02;3.361714259e-02
6.414153442e+02;3.907065466e-02
6.416457520e+02;3.076983988e-02
6.418761597e+02;3.891642019e-02
6.421065674e+02;3.835964203e-02
6.423369751e+02;6.913138926e-02
6.425674438e+02;9.200286120e-02
6.427978516e+02;1.186852008e-01
6.430283203e+02;1.259691864e-01
6.432587891e+02;1.331194937e-01
6.434892578e+02;1.216907203e-01
6.437197266e+02;9.934067726e-02
6.439502563e+02;7.723676413e-02
6.441807251e+02;7.079648972e-02
6.444112549e+02;5.230363086e-02
6.446417847e+02;6.845724583e-02
6.448723145e+02;5.647946522e-02
6.451028442e+02;5.918569863e-02
6.453334351e+02;2.999736555e-02
6.455639648e+02;4.700411856e-02
6.457945557e+02;2.852290310e-02
6.460251465e+02;4.610726237e-02
6.462557373e+02;3.154363111e-02
6.464863281e+02;6.100113317e-02
6.467169800e+02;6.311014295e-02
6.469476318e+02;8.735104650e-02
6.471782227e+02;9.027277678e-02
6.474088745e+02;1.168897152e-01
6.476395874e+02;1.178719476e-01
6.478702393e+02;1.448939145e-01
6.481008911e+02;1.486019194e-01
6.483316040e+02;1.591714323e-01
6.485623169e+02;1.223758012e-01
6.487930298e+02;1.193466857e-01
6.490237427e+02;8.464623988e-02
6.492544556e+02;1.036835313e-01
6.494852905e+02;8.498161286e-02
6.497160645e+02;1.111484319e-01
6.499467773e+02;8.549674600e-02
6.501775513e+02;9.076110274e-02
6.504083862e+02;7.378786802e-02
6.506391602e+02;6.531906873e-02
6.508699951e+02;5.110662058e-02
6.511007690e+02;6.502357870e-02
6.513316040e+02;6.250627339e-02
6.515624390e+02;7.432132959e-02
6.517932739e+02;6.474173069e-02
6.520241699e+02;7.778465748e-02
6.522550049e+02;6.716526300e-02
6.524859009e+02;9.315126389e-02
6.527167969e+02;9.754242748e-02
6.529476929e+02;1.207792237e-01
6.531785889e+02;1.189052239e-01
6.534094849e+02;1.544433683e-01
6.536404419e+02;1.643645316e-01
6.538713989e+02;1.944186985e-01
6.541023560e+02;1.957983226e-01
6.543333130e+02;2.105487734e-01
6.545642700e+02;2.089631110e-01
6.547952271e+02;2.209457308e-01
6.550262451e+02;2.121418417e-01
6.552572632e+02;2.065224200e-01
6.554882812e+02;2.012140751e-01
6.557192993e+02;2.104047239e-01
6.559503174e+02;2.037124038e-01
6.561813354e+02;2.225119025e-01
6.564124146e+02;2.329233736e-01
6.566434937e+02;2.746531367e-01
6.568745728e+02;3.458352983e-01
6.571056519e+02;5.565466285e-01
6.573367310e+02;9.384176135e-01
6.575678101e+02;1.000000000e+00
6.577989502e+02;1.000000000e+00
6.580300903e+02;1.000000000e+00
6.582612305e+02;1.000000000e+00
6.584923706e+02;1.000000000e+00
6.587235107e+02;1.000000000e+00
6.589546509e+02;1.000000000e+00
6.591858521e+02;1.000000000e+00
6.594170532e+02;1.000000000e+00
6.596482544e+02;1.000000000e+00
6.598794556e+02;1.000000000e+00
6.601106567e+02;1.000000000e+00
6.603418579e+02;1.000000000e+00
6.605731201e+02;1.000000000e+00
6.608043823e+02;1.000000000e+00
6.610356445e+02;1.000000000e+00
6.612669067e+02;1.000000000e+00
6.614981689e+02;1.000000000e+00
6.617294922e+02;1.000000000e+00
6.619607544e+02;1.000000000e+00
6.621920776e+02;1.000000000e+00
6.624234009e+02;1.000000000e+00
6.626547241e+02;1.000000000e+00
6.628861084e+02;1.000000000e+00
6.631174927e+02;1.000000000e+00
6.633488159e+02;4.709080160e-01
6.635802002e+02;1.707521528e-01
6.638115845e+02;1.243197620e-01
6.640429688e+02;1.205757558e-01
6.642743530e+02;9.436769038e-02
6.645057983e+02;9.506969154e-02
6.647372437e+02;8.350338042e-02
6.649686279e+02;8.363709599e-02
6.652000732e+02;6.373032928e-02
6.654315186e+02;6.874462962e-02
6.656630249e+02;6.474990398e-02
6.658944702e+02;6.200875714e-02
6.661259766e+02;4.379013926e-02
6.663574219e+02;5.946817622e-02
6.665889282e+02;4.001270235e-02
6.668204346e+02;4.795200750e-02
6.670520020e+02;4.201842099e-02
6.672835083e+02;4.506042972e-02
6.675150757e+02;3.061925247e-02
6.677466431e+02;5.933446437e-02
6.679782104e+02;3.222382814e-02
6.682097778e+02;3.997927532e-02
6.684413452e+02;3.488140553e-02
6.686729126e+02;4.424142838e-02
6.689045410e+02;3.098696657e-02
6.691361694e+02;3.671998158e-02
6.693677979e+02;2.674152888e-02
6.695994263e+02;3.209011257e-02
6.698310547e+02;2.002236992e-02
6.700626831e+02;3.854184225e-02
6.702943726e+02;3.655283898e-02
6.705260620e+02;5.124472827e-02
6.707577515e+02;4.524428770e-02
6.709894409e+02;5.774660408e-02
6.712211304e+02;4.760100693e-02
6.714528198e+02;3.560012206e-02
6.716845703e+02;2.186094597e-02
6.719163208e+02;2.978353575e-02
6.721480713e+02;2.602281235e-02
6.723798218e+02;4.073141888e-02
6.726115723e+02;3.277539834e-02
6.728433228e+02;4.516071454e-02
6.730751343e+02;3.165553883e-02
6.733069458e+02;3.443011642e-02
6.735387573e+02;2.530409582e-02
6.737705688e+02;5.328387767e-02
6.740023804e+02;4.372328147e-02
6.742342529e+02;6.769162416e-02
6.744661255e+02;6.284447014e-02
6.746979980e+02;8.363709599e-02
6.749298706e+02;5.378530547e-02
6.751617432e+02;8.687967062e-02
6.753936157e+02;6.200875714e-02
6.756254883e+02;7.838879526e-02
6.758574219e+02;7.561421394e-02
6.760893555e+02;8.748138696e-02
6.763212280e+02;8.611081541e-02
6.765531616e+02;1.029755697e-01
6.767851562e+02;8.661223948e-02
6.770170898e+02;1.036942825e-01
6.772490845e+02;9.956584871e-02
6.774810181e+02;1.182691753e-01
6.777130127e+02;1.267433316e-01
6.779450073e+02;1.513301134e-01
6.781770020e+02;1.420536637e-01
6.784090576e+02;1.531686932e-01
6.786410522e+02;1.518983990e-01
6.788731079e+02;1.690807194e-01
6.791051636e+02;1.911102086e-01
6.793372192e+02;2.723752558e-01
6.795692749e+02;3.221505284e-01
6.798013306e+02;3.908129632e-01
6.800334473e+02;4.292224944e-01
6.802655640e+02;4.592079818e-01
6.804976196e+02;3.999724090e-01
6.807297363e+02;3.586546183e-01
6.809619141e+02;2.825709879e-01
6.811940308e+02;2.766541243e-01
6.814261475e+02;2.555606365e-01
6.816583252e+02;2.413869053e-01
6.818905029e+02;2.132065445e-01
6.821226807e+02;2.006373703e-01
6.823548584e+02;1.661222875e-01
6.825870361e+02;1.493745297e-01
6.828192749e+02;1.101794392e-01
6.830514526e+02;9.254582971e-02
6.832836914e+02;7.601536065e-02
6.835159302e+02;6.565248221e-02
6.837481689e+02;4.696586356e-02
6.839804077e+02;3.827441484e-02
6.842127075e+02;2.637381293e-02
6.844450073e+02;7.059992105e-02
6.846773071e+02;1.075552925e-01
6.849096069e+02;1.468840986e-01
6.851419067e+02;1.720558703e-01
6.853742676e+02;2.003699392e-01
6.856065674e+02;1.916450709e-01
6.858388672e+02;1.788753271e-01
6.860712280e+02;1.598209888e-01
6.863035889e+02;1.632307172e-01
6.865359497e+02;1.681112945e-01
6.867683105e+02;2.622463703e-01
6.870007324e+02;3.690174818e-01
6.872330933e+02;4.620494246e-01
6.874655151e+02;5.037683845e-01
6.876979370e+02;5.015954971e-01
6.879303589e+02;3.881386817e-01
6.881627808e+02;2.957418859e-01
6.883952637e+02;2.734784186e-01
6.886276855e+02;2.719072700e-01
6.888601685e+02;2.633160949e-01
6.890926514e+02;2.521174848e-01
6.893251343e+02;2.192905545e-01
6.895576172e+02;1.902410686e-01
6.897901001e+02;1.566118449e-01
6.900226440e+02;1.476529539e-01
6.902551270e+02;1.244869083e-01
6.904876709e+02;1.124693081e-01
6.907202148e+02;9.002196789e-02
6.909527588e+02;9.012225270e-02
6.911853638e+02;9.319768846e-02
6.914179077e+02;1.416692287e-01
6.916505127e+02;2.535215020e-01
6.918830566e+02;2.963770330e-01
6.921156616e+02;3.386642635e-01
6.923482666e+02;2.963435948e-01
6.925809326e+02;2.550926507e-01
6.928135376e+02;2.251405716e-01
6.930462036e+02;2.035623789e-01
6.932788086e+02;1.605229974e-01
6.935114746e+02;1.506949663e-01
6.937442017e+02;1.285652071e-01
6.939769287e+02;1.295346320e-01
6.942095947e+02;1.171660274e-01
6.944423218e+02;1.117672995e-01
6.946749878e+02;9.410025924e-02
6.949077148e+02;8.490738273e-02
6.951404419e+02;6.307847053e-02
6.953731689e+02;4.893815145e-02
6.956059570e+02;2.212837525e-02
6.958386841e+02;1.744836383e-02
6.960714722e+02;7.503339555e-03
6.963042603e+02;1.667950489e-02
6.965370483e+02;6.935052108e-03
6.967698364e+02;7.553482428e-03
6.970026245e+02;5.648049060e-03
6.972354736e+02;6.299907807e-03
6.974682617e+02;6.015764549e-03
6.977011108e+02;1.288535260e-02
6.979339600e+02;1.036148891e-02
6.981668091e+02;2.630695514e-02
6.983997192e+02;1.805007830e-02
6.986325684e+02;2.834610268e-02
6.988654785e+02;1.216663606e-02
6.990983276e+02;1.106349099e-02
6.993312378e+02;3.943188116e-03
6.995641479e+02;8.890628815e-03
6.997971191e+02;5.397334229e-03
7.000300293e+02;4.093616735e-03
7.002630005e+02;2.004326321e-03
7.004959106e+02;5.313762929e-03
7.007288818e+02;3.909759223e-03
7.009618530e+02;7.169052958e-03
7.011948242e+02;2.606041962e-03
7.014278564e+02;4.160474055e-03
7.016608276e+02;2.221612493e-03
7.018938599e+02;5.848621018e-03
7.021268921e+02;2.539184643e-03
7.023599854e+02;1.670039725e-03
7.025930176e+02;1.352467574e-03
7.028260498e+02;5.982335657e-03
7.030591431e+02;2.606041962e-03
7.032921753e+02;2.672899282e-03
7.035252686e+02;2.221612493e-03
7.037583618e+02;2.405470004e-03
7.039914551e+02;2.639470622e-03
7.042245483e+02;7.703911513e-03
7.044577026e+02;1.383806858e-02
7.046907959e+02;7.768679410e-02
7.049239502e+02;1.221803278e-01
7.051571045e+02;1.553749740e-01
7.053902588e+02;1.728581637e-01
7.056234131e+02;1.913943440e-01
7.058566284e+02;1.628630012e-01
7.060897827e+02;1.328106374e-01
7.063229980e+02;1.229491904e-01
7.065562134e+02;1.256569028e-01
7.067894287e+02;1.157286018e-01
7.070226440e+02;1.159291714e-01
7.072558594e+02;1.112491563e-01
7.074891357e+02;1.180686057e-01
7.077223511e+02;1.033432856e-01
7.079556274e+02;1.135557368e-01
7.081889038e+02;1.061345786e-01
7.084221802e+02;8.614423871e-02
7.086555176e+02;5.244816095e-02
7.088887939e+02;4.295442253e-02
7.091221313e+02;1.967136934e-02
7.093554077e+02;1.636193134e-02
7.095887451e+02;8.957485668e-03
7.098220825e+02;1.306920964e-02
7.100554199e+02;6.350050680e-03
7.102888794e+02;7.118910085e-03
7.105222168e+02;4.478046205e-03
7.107556152e+02;7.319481578e-03
7.109890137e+02;5.380620249e-03
7.112224121e+02;4.277474713e-03
7.114558105e+02;2.505755983e-03
7.116892090e+02;8.510377374e-04
7.119226685e+02;4.511475097e-03
7.121560669e+02;1.415564120e-02
7.123895264e+02;4.405757040e-02
7.126229858e+02;1.148594543e-01
7.128564453e+02;1.771537513e-01
7.130899658e+02;2.455153316e-01
7.133234253e+02;2.721245587e-01
7.135569458e+02;2.754507065e-01
7.137904053e+02;2.767878473e-01
7.140239258e+02;2.602908015e-01
7.142574463e+02;2.286505848e-01
7.144909668e+02;2.267785817e-01
7.147245483e+02;2.093622535e-01
7.149580688e+02;1.855944842e-01
7.151916504e+02;1.592527032e-01
7.154252319e+02;1.486892551e-01
7.156588135e+02;1.303870678e-01
7.158923950e+02;1.118508726e-01
7.161259766e+02;9.217811376e-02
7.163596191e+02;9.069053829e-02
7.165932007e+02;5.839846283e-02
7.168268433e+02;5.624231324e-02
7.170604858e+02;3.957812861e-02
7.172941284e+02;3.875912726e-02
7.175277710e+02;1.627836004e-02
7.177614746e+02;1.841779426e-02
7.179951782e+02;4.244045820e-03
7.182288818e+02;8.121769875e-03
7.184625854e+02;3.491901327e-03
7.186962891e+02;3.203579035e-05
7.189299927e+02;9.575915523e-03
7.191636963e+02;1.256777998e-02
7.193974609e+02;2.047365531e-02
7.196311646e+02;2.707581408e-02
7.198649292e+02;3.285897151e-02
7.200986938e+02;2.647409961e-02
7.203324585e+02;1.987194084e-02
7.205662231e+02;1.728121936e-02
7.208000488e+02;5.313762929e-03
7.210338135e+02;1.592735946e-02
7.212676392e+02;2.242923155e-02
7.215014648e+02;5.432016402e-02
7.217352905e+02;6.695619226e-02
7.219691162e+02;8.096279949e-02
7.222030029e+02;9.028939158e-02
7.224368286e+02;8.647853136e-02
7.226707153e+02;6.247675791e-02
7.229045410e+02;6.207561120e-02
7.231384277e+02;6.159089878e-02
7.233723755e+02;6.394761801e-02
7.236062622e+02;3.700412437e-02
7.238401489e+02;7.845564932e-02
7.240740967e+02;1.795940399e-01
7.243080444e+02;3.518017232e-01
7.245419312e+02;6.060600281e-01
7.247759399e+02;9.464640021e-01
7.250098877e+02;1.000000000e+00
7.252438965e+02;1.000000000e+00
7.254779053e+02;1.000000000e+00
7.257118530e+02;1.000000000e+00
7.259458618e+02;9.188185334e-01
7.261798706e+02;6.877596974e-01
7.264138794e+02;5.712274313e-01
7.266478882e+02;5.018963814e-01
7.268819580e+02;4.432291090e-01
7.271159668e+02;4.113715887e-01
7.273500366e+02;3.810518086e-01
7.275841064e+02;3.476231396e-01
7.278181763e+02;3.033636212e-01
7.280522461e+02;2.792281210e-01
7.282863770e+02;2.471031994e-01
7.285204468e+02;1.955562234e-01
7.287545776e+02;1.507618278e-01
7.289887085e+02;1.150265932e-01
7.292228394e+02;6.458276510e-02
7.294569702e+02;3.135468066e-02
7.296911011e+02;1.594407298e-02
7.299252930e+02;1.577693038e-02
7.301594238e+02;7.469910663e-03
7.303936157e+02;4.143760074e-03
7.306278076e+02;6.249764934e-03
7.308619995e+02;5.765049718e-03
7.310961914e+02;3.993330989e-03
7.313303833e+02;5.597906187e-03
7.315646362e+02;3.308043582e-03
7.317988892e+02;7.252624724e-03
7.320330811e+02;3.633555025e-02
7.322673950e+02;1.009197086e-01
7.325016479e+02;1.234506145e-01
7.327359619e+02;1.528344005e-01
7.329702148e+02;1.542718261e-01
7.332045288e+02;1.541213989e-01
7.334387817e+02;1.302366257e-01
7.336730957e+02;1.163303107e-01
7.339074097e+02;1.022568494e-01
7.341417847e+02;1.013877094e-01
7.343760986e+02;1.139568835e-01
7.346104126e+02;1.342982203e-01
7.348447876e+02;1.355183572e-01
7.350791626e+02;1.443435252e-01
7.353135376e+02;1.338469237e-01
7.355479126e+02;1.218126118e-01
7.357822876e+02;9.416712075e-02
7.360167236e+02;9.095796943e-02
7.362510986e+02;6.291133165e-02
7.364855347e+02;5.278244615e-02
7.367199707e+02;3.556669131e-02
7.369544067e+02;3.817412630e-02
7.371888428e+02;2.669138461e-02
7.374232788e+02;1.731464826e-02
7.376577759e+02;1.250092313e-02
7.378922119e+02;1.957108267e-02
7.381267090e+02;6.283193827e-03
7.383612061e+02;7.219195832e-03
7.385957031e+02;3.675758839e-03
7.388302612e+02;5.798478145e-03
7.390648193e+02;1.703468384e-03
7.392993164e+02;3.358186688e-03
7.395338745e+02;2.422184451e-03
7.397684326e+02;-5.362512893e-04
7.400029907e+02;1.657504035e-04
7.402375488e+02;4.076902755e-03
7.404721069e+02;2.472327324e-03
7.407067261e+02;1.256777998e-02
7.409412842e+02;7.955879718e-02
7.411759033e+02;1.278297752e-01
7.414105225e+02;1.560435593e-01
7.416451416e+02;1.763681769e-01
7.418797607e+02;1.818170398e-01
7.421144409e+02;1.573472768e-01
7.423490601e+02;1.242529079e-01
7.425837402e+02;1.118843034e-01
7.428184204e+02;9.159310907e-02
7.430531006e+02;8.687967062e-02
7.432877808e+02;7.792079449e-02
7.435224609e+02;8.754824847e-02
7.437571411e+02;1.017052755e-01
7.439918823e+02;1.075385809e-01
7.442266235e+02;1.170657426e-01
7.444613647e+02;1.185867488e-01
7.446961060e+02;1.110151559e-01
7.449308472e+02;9.954912961e-02
7.451655884e+02;7.487878948e-02
7.454004517e+02;6.103932485e-02
7.456351929e+02;4.756757990e-02
7.458699951e+02;4.292099550e-02
7.461047974e+02;2.032322809e-02
7.463395996e+02;2.059065551e-02
7.465744019e+02;1.693021879e-02
7.468092041e+02;9.358629584e-03
7.470440674e+02;4.294188693e-03
7.472789307e+02;8.238770068e-03
7.475137939e+02;4.962761886e-03
7.477485962e+02;5.246905610e-03
7.479835205e+02;2.405470004e-03
7.482183838e+02;5.765049718e-03
7.484532471e+02;2.923614113e-03
7.486881714e+02;5.514334422e-03
7.489230957e+02;2.856756793e-03
7.491579590e+02;5.000369274e-04
7.493928833e+02;2.204898046e-03
7.496278687e+02;2.507009543e-02
7.498627930e+02;2.791153081e-02
7.500977173e+02;4.432499781e-02
7.503327026e+02;3.732169792e-02
7.505676880e+02;2.894781902e-02
7.508026733e+02;1.704721898e-02
7.510376587e+02;1.445649844e-02
7.512726440e+02;1.303578075e-02
7.515076904e+02;3.709187498e-03
7.517427368e+02;7.386338897e-03
7.519777832e+02;2.472327324e-03
7.522127686e+02;5.581191741e-03
7.524478149e+02;3.675758839e-03
7.526828613e+02;1.647893153e-02
7.529179688e+02;6.216336507e-03
7.531530151e+02;1.260120887e-02
7.533881226e+02;1.331992447e-02
7.536231689e+02;1.718093455e-02
7.538582764e+02;4.895904567e-03
7.540933838e+02;5.982335657e-03
7.543284912e+02;2.472327324e-03
7.545636597e+02;2.606041962e-03
7.547987671e+02;2.505755983e-03
7.550339355e+02;2.188183833e-03
7.552691040e+02;1.553039416e-03
7.555042114e+02;2.572613303e-03
7.557393799e+02;1.603182405e-03
7.559746094e+02;5.882049911e-03
7.562097778e+02;1.042834669e-02
7.564449463e+02;4.893815145e-02
7.566801758e+02;5.604173988e-02
7.569154053e+02;6.113960966e-02
7.571506348e+02;5.341759324e-02
7.573858643e+02;3.105382435e-02
7.576211548e+02;9.659487754e-03
7.578564453e+02;1.288535260e-02
7.580916748e+02;1.123063359e-02
7.583269653e+02;2.577209659e-02
7.585622559e+02;4.256999493e-02
7.587975464e+02;6.568590552e-02
7.590328369e+02;6.251018494e-02
7.592681274e+02;6.319547445e-02
7.595034180e+02;3.880926967e-02
7.597387695e+02;3.576726466e-02
7.599741211e+02;1.948751137e-02
7.602094116e+02;2.480266616e-02
7.604447632e+02;1.158163510e-02
7.606801758e+02;1.039491780e-02
7.609155273e+02;6.918338127e-03
7.611508789e+02;6.650908850e-03
7.613862915e+02;3.675758839e-03
7.616217041e+02;7.653768174e-03
7.618571167e+02;1.387149747e-02
7.620925293e+02;3.777298331e-02
7.623279419e+02;3.272525594e-02
7.625633545e+02;3.907670081e-02
7.627988281e+02;2.204480208e-02
7.630342407e+02;1.373778284e-02
7.632697144e+02;1.076263282e-02
7.635052490e+02;5.029619206e-03
7.637407227e+02;2.455613110e-03
7.639761963e+02;3.274614923e-03
7.642117310e+02;1.887325896e-03
7.644472046e+02;1.419324777e-03
7.646827393e+02;2.138040727e-03
7.649182129e+02;2.138040727e-03
7.651537476e+02;9.178950568e-04
7.653893433e+02;-1.121252659e-03
7.656248779e+02;1.657504035e-04
7.658604126e+02;1.603182405e-03
7.660960083e+02;1.235467265e-03
7.663315430e+02;1.536325086e-03
7.665671387e+02;9.346093866e-04
7.668027344e+02;1.837183023e-03
7.670383301e+02;1.653325395e-03
7.672739868e+02;1.001466648e-03
7.675095825e+02;9.011807269e-04
7.677451782e+02;-6.031086086e-04
7.679808350e+02;-1.121252659e-03
7.682164917e+02;2.723042155e-03
7.684521484e+02;1.034895307e-03
7.686878052e+02;7.173231570e-04
7.689234619e+02;1.469467767e-03
7.691592407e+02;1.068323967e-03
7.693948975e+02;1.135181286e-03
7.696306152e+02;1.268895925e-03
7.698663330e+02;1.051609637e-03
7.701020508e+02;-1.605968107e-03
7.703377686e+02;-4.025366798e-04
7.705735474e+02;2.121326514e-03
7.708092651e+02;1.135181286e-03
7.710450439e+02;3.203579035e-05
7.712807617e+02;1.252181595e-03
7.715165405e+02;1.302324585e-03
7.717523193e+02;3.496079880e-04
7.719880981e+02;6.838944973e-04
7.722239380e+02;1.486182096e-03
7.724597168e+02;-1.572539448e-03
7.726955566e+02;-7.702518487e-04
7.729313965e+02;2.171469387e-03
7.731671753e+02;1.569753746e-03
7.734030762e+02;2.238326706e-03
7.736389160e+02;8.677520673e-04
7.738747559e+02;1.870611566e-03
7.741106567e+02;4.331796081e-04
7.743464966e+02;1.051609637e-03
7.745824585e+02;3.663223179e-04
7.748183594e+02;-1.004252350e-03
7.750542603e+02;-8.371091681e-04
7.752901611e+02;1.736897044e-03
7.755260620e+02;8.677520673e-04
7.757620239e+02;1.202038606e-03
7.759979858e+02;8.677520673e-04
7.762338867e+02;3.809473477e-03
7.764698486e+02;4.626386240e-02
7.767058105e+02;8.978796750e-02
7.769418335e+02;1.029922813e-01
7.771777954e+02;1.193388924e-01
7.774137573e+02;1.108312979e-01
7.776497803e+02;9.465183318e-02
7.778858032e+02;7.227135450e-02
7.781218262e+02;7.965908200e-02
7.783578491e+02;8.855110407e-02
7.785938721e+02;9.747655690e-02
7.788298950e+02;1.022902802e-01
7.790659790e+02;1.063685790e-01
7.793020630e+02;1.019727066e-01
7.795380859e+02;9.152625501e-02
7.797741699e+02;7.892365009e-02
7.800103149e+02;7.153592259e-02
7.802464600e+02;6.047103927e-02
7.804825439e+02;6.167446822e-02
7.807186890e+02;5.070986971e-02
7.809547729e+02;6.959705800e-02
7.811909180e+02;8.036108315e-02
7.814270630e+02;8.534195274e-02
7.816632080e+02;8.467338234e-02
7.818993530e+02;8.271780610e-02
7.821355591e+02;6.032060832e-02
7.823717041e+02;5.331730470e-02
7.826079102e+02;2.607295476e-02
7.828441162e+02;2.496981062e-02
7.830803223e+02;1.355392486e-02
7.833165283e+02;1.363749709e-02
7.835527344e+02;4.595046863e-03
7.837889404e+02;3.926473670e-03
7.840252075e+02;1.101752627e-03
7.842614746e+02;-6.699658697e-04
7.844976807e+02;-5.863942788e-04
7.847339478e+02;3.558758413e-03
7.849702148e+02;1.736897044e-03
7.852065430e+02;1.202038606e-03
7.854428711e+02;1.252181595e-03
7.856791382e+02;1.636611065e-03
7.859154663e+02;1.068323967e-03
7.861517944e+02;2.071183641e-03
7.863881226e+02;1.034895307e-03
7.866244507e+02;-7.535375189e-04
7.868607788e+02;-1.221538638e-03
7.870971680e+02;1.603182405e-03
7.873334961e+02;8.844663971e-04
7.875698853e+02;8.677520673e-04
7.878062744e+02;1.252181595e-03
7.880426636e+02;1.670039725e-03
7.882790527e+02;1.385896117e-03
7.885154419e+02;4.331796081e-04
7.887518311e+02;1.135181286e-03
7.889882812e+02;-1.639396767e-03
7.892246704e+02;-6.198229385e-04
7.894611206e+02;3.542044200e-03
7.896975708e+02;9.011807269e-04
7.899340210e+02;8.510377374e-04
7.901704712e+02;8.677520673e-04
7.904069824e+02;7.340374868e-04
7.906434937e+02;1.323217439e-04
7.908800049e+02;6.671801675e-04
7.911165161e+02;8.176090778e-04
7.913530273e+02;-1.572539448e-03
7.915895386e+02;-1.004252350e-03
7.918260498e+02;2.071183641e-03
7.920625610e+02;5.000369274e-04
7.922991333e+02;1.151895616e-03
7.925356445e+02;1.469467767e-03
7.927722168e+02;2.204898046e-03
7.930087891e+02;1.151895616e-03
7.932453613e+02;5.000369274e-04
7.934819336e+02;2.493220381e-04
7.937185669e+02;1.657504035e-04
7.939551392e+02;-1.321824617e-03
7.941917725e+02;1.268895925e-03
7.944283447e+02;1.653325395e-03
7.946649780e+02;1.252181595e-03
7.949016113e+02;9.513237164e-04
7.951383057e+02;1.135181286e-03
7.953749390e+02;1.486182096e-03
7.956116333e+02;1.135181286e-03
7.958483276e+02;1.657504035e-04
7.960850220e+02;-1.823254395e-03
7.963217163e+02;-1.004252350e-03
7.965584106e+02;1.837183023e-03
7.967951050e+02;1.135181286e-03
7.970317993e+02;3.328936582e-04
7.972685547e+02;7.841804763e-04
7.975052490e+02;1.151895616e-03
7.977420044e+02;5.334655871e-04
7.979787598e+02;6.546443910e-05
7.982155151e+02;2.827506687e-04
7.984522705e+02;-9.373950888e-04
7.986890259e+02;-9.708237485e-04
7.989258423e+02;1.937468885e-03
7.991625977e+02;7.841804763e-04
7.993994141e+02;1.653325395e-03
7.996362305e+02;1.051609637e-03
7.998730469e+02;4.666082677e-04
8.001098633e+02;9.680380463e-04
8.003466797e+02;2.326076938e-04
8.005836182e+02;1.168609946e-03
8.008204346e+02;-1.171395648e-03
8.010573120e+02;-1.873397385e-03
8.012941895e+02;1.670039725e-03
8.015310669e+02;9.680380463e-04
8.017679443e+02;1.536325086e-03
8.020048218e+02;1.151895616e-03
8.022416992e+02;9.847523179e-04
8.024786377e+02;5.000369274e-04
8.027155151e+02;1.202038606e-03
8.029524536e+02;3.496079880e-04
8.031893921e+02;1.991790486e-04
8.034263306e+02;2.589327516e-03
8.036632690e+02;1.263463777e-02
8.039002686e+02;9.007629007e-03
8.041372070e+02;7.971340790e-03
8.043742065e+02;1.870611566e-03
8.046112061e+02;2.672899282e-03
8.048482056e+02;1.385896117e-03
8.050852051e+02;2.271755366e-03
8.053222046e+02;2.994649985e-04
8.055592651e+02;-1.020966680e-03
8.057963257e+02;-1.539110788e-03
8.060333252e+02;2.104612067e-03
8.062703857e+02;8.844663971e-04
8.065074463e+02;1.218752936e-03
8.067445068e+02;1.135181286e-03
8.069815674e+02;6.337515078e-04
8.072186279e+02;9.889309149e-05
8.074557495e+02;7.674661465e-04
8.076928101e+02;1.787040033e-03
8.079299316e+02;-2.341398504e-03
8.081670532e+02;-5.362512893e-04
8.084041748e+02;1.753611374e-03
8.086412964e+02;1.101752627e-03
8.088784180e+02;6.337515078e-04
8.091156006e+02;2.255041152e-03
8.093527222e+02;1.837183023e-03
8.095899048e+02;9.847523179e-04
8.098270874e+02;1.101752627e-03
8.100642700e+02;9.513237164e-04
8.103015137e+02;-1.555825118e-03
8.105386963e+02;-1.037681010e-03
8.107758789e+02;1.101752627e-03
8.110131226e+02;9.346093866e-04
8.112503052e+02;1.937468885e-03
8.114875488e+02;3.663223179e-04
8.117247925e+02;1.502896426e-03
8.119620361e+02;1.603182405e-03
8.121992798e+02;9.847523179e-04
8.124365845e+02;-9.708237485e-04
8.126738281e+02;-2.257826738e-03
8.129111328e+02;1.436039107e-03
8.131483765e+02;1.018180978e-03
8.133856812e+02;9.847523179e-04
8.136229858e+02;6.003228482e-04
8.138603516e+02;1.018180978e-03
8.140976562e+02;3.663223179e-04
8.143349609e+02;7.674661465e-04
8.145723267e+02;-1.518217905e-04
8.148096313e+02;-1.706254086e-03
8.150470581e+02;-4.526796401e-04
8.152844238e+02;1.603182405e-03
8.155217896e+02;1.268895925e-03
8.157592163e+02;3.663223179e-04
8.159965820e+02;7.006088272e-04
8.162339478e+02;8.510377374e-04
8.164713745e+02;3.997509484e-04
8.167088013e+02;1.670039725e-03
8.169462280e+02;8.677520673e-04
8.171836548e+02;-2.007111907e-03
8.174210815e+02;-1.672825427e-03
8.176585083e+02;2.539184643e-03
8.178959961e+02;9.513237164e-04
8.181334839e+02;5.668941885e-04
8.183709106e+02;4.666082677e-04
8.186083984e+02;1.670039725e-03
8.188458862e+02;8.343234076e-04
8.190833740e+02;2.087897854e-03
8.193209229e+02;1.636611065e-03
8.195584106e+02;-2.291255398e-03
8.197960205e+02;-1.104538329e-03
8.200335083e+02;9.680380463e-04
8.202710571e+02;2.660363389e-04
8.205086060e+02;1.352467574e-03
8.207461548e+02;6.003228482e-04
8.209837036e+02;2.405470004e-03
8.212213135e+02;1.402610447e-03
8.214588623e+02;1.302324585e-03
8.216964722e+02;1.001466648e-03
8.219340820e+02;-7.368231891e-04
8.221716919e+02;-2.521077404e-04
8.224093018e+02;3.074042965e-03
8.226469116e+02;1.619896735e-03
8.228845215e+02;4.578332417e-03
8.231221924e+02;2.204898046e-03
8.233598022e+02;4.812332802e-03
8.235974731e+02;2.054469194e-03
8.238351440e+02;7.820911705e-03
8.240728149e+02;8.054912090e-03
8.243105469e+02;2.640724182e-02
8.245482178e+02;2.888096124e-02
8.247859497e+02;3.613498062e-02
8.250236206e+02;1.527550071e-02
8.252613525e+02;1.657921821e-02
8.254990845e+02;2.021040535e-03
8.257367554e+02;6.216336507e-03
8.259745483e+02;2.104612067e-03
8.262122803e+02;3.642330179e-03
8.264500122e+02;1.202038606e-03
8.266878052e+02;-1.254967297e-03
8.269255371e+02;-1.756397076e-03
8.271633301e+02;4.666082677e-04
8.274011230e+02;4.331796081e-04
8.276389160e+02;1.001466648e-03
8.278767090e+02;9.513237164e-04
8.281145020e+02;5.000369274e-04
8.283523560e+02;1.335753244e-03
8.285901489e+02;1.118466957e-03
8.288280640e+02;5.167512572e-04
8.290659180e+02;-1.639396767e-03
8.293037720e+02;-1.455539139e-03
8.295416260e+02;2.539184643e-03
8.297794800e+02;3.997509484e-04
8.300173340e+02;5.000369274e-04
8.302552490e+02;1.302324585e-03
8.304931030e+02;9.680380463e-04
8.307310181e+02;1.135181286e-03
8.309689331e+02;3.328936582e-04
8.312068481e+02;7.674661465e-04
8.314447632e+02;-1.589253778e-03
8.316827393e+02;-1.906826044e-03
8.319206543e+02;1.653325395e-03
8.321585693e+02;6.003228482e-04
8.323965454e+02;2.438898664e-03
8.326345215e+02;6.671801675e-04
8.328724976e+02;3.203579035e-05
8.331104736e+02;1.001466648e-03
8.333485107e+02;9.011807269e-04
8.335865479e+02;7.674661465e-04
8.338245239e+02;-2.508541802e-03
8.340625610e+02;-1.890111715e-03
8.343005371e+02;2.171469387e-03
8.345385742e+02;9.680380463e-04
8.347766113e+02;1.202038606e-03
8.350147095e+02;7.173231570e-04
8.352527466e+02;9.889309149e-05
8.354907837e+02;1.001466648e-03
8.357288818e+02;1.991790486e-04
8.359669189e+02;8.176090778e-04
8.362050171e+02;-2.241112525e-03
8.364431152e+02;-1.422110596e-03
8.366812134e+02;2.372041345e-03
8.369193726e+02;1.168609946e-03
8.371574707e+02;1.135181286e-03
8.373955688e+02;1.218752936e-03
8.376337891e+02;1.569753746e-03
8.378719482e+02;9.346093866e-04
8.381101074e+02;-2.688220702e-04
8.383482666e+02;1.034895307e-03
8.385864258e+02;-1.539110788e-03
8.388245850e+02;-1.405396266e-03
8.390627441e+02;8.677520673e-04
8.393009644e+02;1.519610756e-03
8.395391846e+02;1.268895925e-03
8.397773438e+02;1.235467265e-03
8.400155640e+02;1.569753746e-03
8.402537842e+02;7.507518167e-04
8.404920654e+02;1.686754054e-03
8.407302856e+02;1.268895925e-03
8.409685059e+02;-1.071109669e-03
8.412067871e+02;-2.842828166e-03
8.414450684e+02;1.369181904e-03
8.416832886e+02;7.841804763e-04
8.419215698e+02;3.663223179e-04
8.421599731e+02;1.235467265e-03
8.423982544e+02;3.203579035e-05
8.426365356e+02;1.436039107e-03
8.428748779e+02;2.994649985e-04
8.431131592e+02;4.666082677e-04
8.433515015e+02;-2.508541802e-03
8.435898438e+02;-2.575399121e-03
8.438281860e+02;1.151895616e-03
8.440665283e+02;3.328936582e-04
8.443049316e+02;1.532146598e-05
8.445432739e+02;6.003228482e-04
8.447816772e+02;1.135181286e-03
8.450200195e+02;1.135181286e-03
8.452584229e+02;1.218752936e-03
8.454968262e+02;5.000369274e-04
8.457352295e+02;-2.274541184e-03
8.459736328e+02;-2.353934251e-04
8.462120972e+02;1.569753746e-03
8.464505615e+02;1.168609946e-03
8.466890259e+02;1.285610255e-03
8.469274292e+02;1.235467265e-03
8.471658936e+02;1.853897236e-03
8.474043579e+02;2.827506687e-04
8.476428223e+02;1.532146598e-05
8.478813477e+02;1.101752627e-03
8.481198120e+02;-1.639396767e-03
8.483583374e+02;-2.742542187e-03
8.485968018e+02;2.305184025e-03
8.488353271e+02;8.844663971e-04
8.490738525e+02;1.402610447e-03
8.493123779e+02;1.385896117e-03
8.495509033e+02;5.668941885e-04
8.497894287e+02;8.176090778e-04
8.500280151e+02;1.335753244e-03
8.502665405e+02;4.164652782e-04
8.505051880e+02;-2.073969226e-03
8.507437744e+02;-1.722968416e-03
8.509823608e+02;2.438898664e-03
8.512209473e+02;9.889309149e-05
8.514595337e+02;8.677520673e-04
8.516981201e+02;8.510377374e-04
8.519367676e+02;8.008947480e-04
8.521753540e+02;-3.482151078e-05
8.524140015e+02;5.334655871e-04
8.526526489e+02;1.068323967e-03
8.528912964e+02;-2.023826353e-03
8.531299438e+02;-7.702518487e-04
8.533685913e+02;1.502896426e-03
8.536072998e+02;1.436039107e-03
8.538459473e+02;3.203579035e-05
8.540846558e+02;1.252181595e-03
8.543233643e+02;1.770325704e-03
8.545620117e+02;1.051609637e-03
8.548007812e+02;1.168609946e-03
8.550395508e+02;1.101752627e-03
8.552782593e+02;-2.007111907e-03
8.555169678e+02;-6.031086086e-04
8.557557373e+02;2.756470814e-03
8.559944458e+02;6.003228482e-04
8.562332153e+02;2.994649985e-04
8.564719849e+02;1.156074213e-04
8.567107544e+02;1.987611875e-03
8.569495239e+02;9.011807269e-04
8.571883545e+02;1.352467574e-03
8.574271240e+02;8.008947480e-04
8.576659546e+02;-2.541970462e-03
8.579047241e+02;-2.374827163e-03
8.581435547e+02;2.071183641e-03
8.583823853e+02;1.736897044e-03
8.586212158e+02;6.671801675e-04
8.588601074e+02;1.519610756e-03
8.590989990e+02;9.178950568e-04
8.593378296e+02;7.006088272e-04
8.595767212e+02;1.085038297e-03
8.598155518e+02;6.003228482e-04
8.600544434e+02;-1.739682746e-03
8.602933350e+02;-3.210543422e-03
8.605322266e+02;2.271755366e-03
8.607711792e+02;5.000369274e-04
8.610100708e+02;3.997509484e-04
8.612489624e+02;1.034895307e-03
8.614879150e+02;1.532146598e-05
8.617268677e+02;5.501799169e-04
8.619658203e+02;5.000369274e-04
8.622047729e+02;9.346093866e-04
8.624437256e+02;-1.171395648e-03
8.626826782e+02;-2.107397886e-03
8.629216919e+02;1.302324585e-03
8.631607056e+02;4.833225976e-04
8.633996582e+02;8.343234076e-04
8.636386719e+02;-1.351074607e-04
8.638776855e+02;-7.201088592e-04
8.641166992e+02;4.331796081e-04
8.643557129e+02;1.385896117e-03
8.645947266e+02;8.176090778e-04
8.648338013e+02;-9.206807590e-04
8.650728149e+02;-2.073969226e-03
8.653118896e+02;7.841804763e-04
8.655509644e+02;9.346093866e-04
8.657900391e+02;6.170371780e-04
8.660291138e+02;6.838944973e-04
8.662681885e+02;4.164652782e-04
8.665072632e+02;1.218752936e-03
8.667463989e+02;1.001466648e-03
8.669855347e+02;9.011807269e-04
8.672246704e+02;-1.689539757e-03
8.674637451e+02;-1.605968107e-03
8.677028809e+02;1.151895616e-03
8.679420166e+02;8.510377374e-04
8.681812134e+02;1.101752627e-03
8.684203491e+02;1.034895307e-03
8.686594849e+02;6.504658377e-04
8.688986816e+02;1.235467265e-03
8.691378174e+02;1.302324585e-03
8.693770142e+02;-2.019647654e-04
8.696162109e+02;-2.124112332e-03
8.698554077e+02;-1.321824617e-03
8.700946045e+02;1.787040033e-03
8.703338623e+02;9.680380463e-04
8.705730591e+02;1.135181286e-03
8.708123169e+02;8.510377374e-04
8.710515747e+02;2.326076938e-04
8.712908325e+02;9.847523179e-04
8.715300903e+02;9.847523179e-04
8.717693481e+02;1.185324276e-03
8.720086060e+02;-2.257826738e-03
8.722479248e+02;-3.143686103e-03
8.724871826e+02;1.034895307e-03
8.727265015e+02;1.736897044e-03
8.729657593e+02;1.185324276e-03
8.732050781e+02;9.847523179e-04
8.734443970e+02;1.151895616e-03
8.736837158e+02;1.168609946e-03
8.739230347e+02;6.337515078e-04
8.741623535e+02;-4.025366798e-04
8.744017334e+02;-9.039664292e-04
8.746410522e+02;2.138040727e-03
8.748804321e+02;9.847523179e-04
8.751198730e+02;-3.523936903e-04
8.753592529e+02;8.844663971e-04
8.755986328e+02;1.402610447e-03
8.758380127e+02;4.666082677e-04
8.760773926e+02;1.001466648e-03
8.763168335e+02;2.660363389e-04
8.765562134e+02;-5.696799490e-04
8.767956543e+02;-1.071109669e-03
8.770350952e+02;5.000369274e-04
8.772745361e+02;3.997509484e-04
8.775139771e+02;1.369181904e-03
8.777534180e+02;9.346093866e-04
8.779928589e+02;-6.825016317e-05
8.782323608e+02;9.889309149e-05
8.784718018e+02;4.331796081e-04
8.787113037e+02;9.346093866e-04
8.789508667e+02;-1.405396266e-03
8.791903687e+02;-1.288395957e-03
8.794298706e+02;2.104612067e-03
8.796693726e+02;2.158933785e-04
8.799088745e+02;-2.353934251e-04
8.801484375e+02;9.346093866e-04
8.803879395e+02;1.085038297e-03
8.806275024e+02;1.569753746e-03
8.808670654e+02;1.202038606e-03
8.811066284e+02;6.337515078e-04
8.813461914e+02;-1.488967799e-03
8.815857544e+02;-1.722968416e-03
8.818253174e+02;1.302324585e-03
8.820648804e+02;1.101752627e-03
8.823045044e+02;1.670039725e-03
8.825441284e+02;3.830366186e-04
8.827837524e+02;4.331796081e-04
8.830233765e+02;1.469467767e-03
8.832630005e+02;2.238326706e-03
8.835026245e+02;1.302324585e-03
8.837423096e+02;-1.271681627e-03
8.839819336e+02;-1.338538947e-03
8.842216187e+02;1.569753746e-03
8.844612427e+02;8.008947480e-04
8.847009277e+02;7.173231570e-04
8.849406128e+02;5.167512572e-04
8.851802979e+02;1.034895307e-03
8.854199829e+02;8.008947480e-04
8.856596680e+02;9.178950568e-04
8.858994141e+02;5.836085184e-04
8.861390991e+02;-1.488967799e-03
8.863788452e+02;-3.210543422e-03
8.866186523e+02;1.469467767e-03
8.868583374e+02;9.847523179e-04
8.870980835e+02;-4.025366798e-04
8.873378906e+02;7.340374868e-04
8.875776367e+02;4.164652782e-04
8.878173828e+02;9.011807269e-04
8.880571899e+02;-2.688220702e-04
8.882969360e+02;6.337515078e-04
8.885367432e+02;-1.505682128e-03
8.887765503e+02;-2.441684483e-03
8.890163574e+02;1.970897662e-03
8.892561646e+02;6.170371780e-04
8.894959717e+02;1.323217439e-04
8.897357788e+02;8.677520673e-04
8.899756470e+02;4.833225976e-04
8.902155151e+02;4.666082677e-04
8.904553833e+02;1.168609946e-03
8.906952515e+02;9.847523179e-04
8.909351196e+02;-2.374827163e-03
8.911749878e+02;-2.307969844e-03
8.914148560e+02;1.268895925e-03
8.916547852e+02;7.674661465e-04
8.918946533e+02;1.402610447e-03
8.921345825e+02;9.178950568e-04
8.923744507e+02;1.302324585e-03
8.926143799e+02;8.008947480e-04
8.928543091e+02;1.323217439e-04
8.930942383e+02;1.085038297e-03
8.933341675e+02;-7.535375189e-04
8.935740967e+02;-9.541094187e-04
8.938140869e+02;1.519610756e-03
8.940540161e+02;1.252181595e-03
8.942940674e+02;6.003228482e-04
8.945340576e+02;1.218752936e-03
8.947740479e+02;6.671801675e-04
8.950140381e+02;5.668941885e-04
8.952540283e+02;1.252181595e-03
8.954940186e+02;9.847523179e-04
8.957340698e+02;-2.274541184e-03
8.959740601e+02;-1.321824617e-03
8.962141113e+02;3.007185878e-03
8.964541016e+02;9.178950568e-04
8.966941528e+02;4.833225976e-04
8.969342041e+02;6.170371780e-04
8.971742554e+02;5.167512572e-04
8.974143677e+02;3.328936582e-04
8.976544189e+02;8.343234076e-04
8.978944702e+02;4.331796081e-04
8.981346436e+02;-1.104538329e-03
8.983747559e+02;-1.856683055e-03
8.986148071e+02;1.753611374e-03
8.988549194e+02;9.680380463e-04
8.990950317e+02;5.501799169e-04
8.993352051e+02;8.844663971e-04
8.995753174e+02;9.346093866e-04
8.998154297e+02;9.346093866e-04
9.000556030e+02;3.997509484e-04
9.002957764e+02;8.677520673e-04
9.005358887e+02;-1.505682128e-03
9.007760620e+02;-8.036805084e-04
9.010162354e+02;1.853897236e-03
9.012564087e+02;1.135181286e-03
9.014966431e+02;9.346093866e-04
9.017368774e+02;4.666082677e-04
9.019771118e+02;2.660363389e-04
9.022172852e+02;9.847523179e-04
9.024575195e+02;1.151895616e-03
9.026977539e+02;5.334655871e-04
9.029379883e+02;-1.221538638e-03
9.031782227e+02;-2.374827163e-03
9.034184570e+02;1.068323967e-03
9.036587524e+02;8.008947480e-04
9.038989868e+02;1.118466957e-03
9.041392822e+02;7.674661465e-04
9.043795166e+02;7.006088272e-04
9.046198120e+02;-3.356793604e-04
9.048601074e+02;3.328936582e-04
9.051004028e+02;8.343234076e-04
9.053407593e+02;-1.071109669e-03
9.055811157e+02;-1.054395339e-03
9.058214111e+02;2.539184643e-03
9.060617676e+02;2.660363389e-04
9.063020630e+02;1.185324276e-03
9.065424194e+02;8.343234076e-04
9.067827759e+02;-1.016788156e-04
9.070231323e+02;5.167512572e-04
9.072634888e+02;1.034895307e-03
9.075038452e+02;9.011807269e-04
9.077442627e+02;-1.706254086e-03
9.079846191e+02;-9.206807590e-04
9.082250366e+02;1.870611566e-03
9.084653931e+02;1.118466957e-03
9.087058105e+02;8.008947480e-04
9.089462280e+02;7.006088272e-04
9.091867065e+02;4.164652782e-04
9.094271851e+02;1.218752936e-03
9.096676025e+02;1.991790486e-04
9.099080200e+02;7.006088272e-04
9.101484985e+02;-1.539110788e-03
9.103889160e+02;-2.424970036e-03
9.106293945e+02;1.937468885e-03
9.108698730e+02;1.686754054e-03
9.111103516e+02;5.000369274e-04
9.113508301e+02;6.671801675e-04
9.115913696e+02;1.569753746e-03
9.118318481e+02;4.666082677e-04
9.120723267e+02;1.034895307e-03
9.123128662e+02;9.346093866e-04
9.125534058e+02;-7.702518487e-04
9.127940063e+02;-2.040540567e-03
9.130345459e+02;2.856756793e-03
9.132750854e+02;8.008947480e-04
9.135156250e+02;1.519610756e-03
9.137561646e+02;2.994649985e-04
9.139967651e+02;-1.852504502e-04
9.142373047e+02;1.385896117e-03
9.144779053e+02;1.369181904e-03
9.147185059e+02;9.346093866e-04
9.149591064e+02;-1.438824926e-03
9.151997070e+02;-2.541970462e-03
9.154403076e+02;1.703468384e-03
9.156809082e+02;1.001466648e-03
9.159215088e+02;-1.037681010e-03
9.161621704e+02;1.001466648e-03
9.164028320e+02;7.674661465e-04
9.166434937e+02;2.660363389e-04
9.168841553e+02;1.168609946e-03
9.171248169e+02;2.493220381e-04
9.173654785e+02;-1.806540065e-03
9.176061401e+02;-2.742542187e-03
9.178468628e+02;2.271755366e-03
9.180875244e+02;4.498939379e-04
9.183282471e+02;1.118466957e-03
9.185689087e+02;8.008947480e-04
9.188096313e+02;7.674661465e-04
9.190503540e+02;-1.685361203e-04
9.192910767e+02;5.000369274e-04
9.195317993e+02;2.660363389e-04
9.197725830e+02;-1.204824308e-03
9.200133667e+02;-1.438824926e-03
9.202540894e+02;1.787040033e-03
9.204948730e+02;3.663223179e-04
9.207355957e+02;-3.858223499e-04
9.209763794e+02;1.118466957e-03
9.212171631e+02;8.510377374e-04
9.214579468e+02;1.202038606e-03
9.216987305e+02;3.830366186e-04
9.219395752e+02;9.680380463e-04
9.221803589e+02;-1.422110596e-03
9.224212036e+02;-1.522396458e-03
9.226619873e+02;1.369181904e-03
9.229028320e+02;7.674661465e-04
9.231436768e+02;2.204898046e-03
9.233845825e+02;7.340374868e-04
9.236254272e+02;8.677520673e-04
9.238662720e+02;1.101752627e-03
9.241071167e+02;5.000369274e-04
9.243480225e+02;5.668941885e-04
9.245888672e+02;-1.773111406e-03
9.248297729e+02;-1.238252968e-03
9.250706787e+02;2.238326706e-03
9.253115845e+02;7.340374868e-04
9.255524902e+02;9.680380463e-04
9.257933960e+02;1.335753244e-03
9.260343018e+02;1.703468384e-03
9.262752075e+02;5.167512572e-04
9.265161743e+02;6.504658377e-04
9.267571411e+02;6.170371780e-04
9.269981079e+02;-2.207683865e-03
9.272390747e+02;-1.254967297e-03
9.274800415e+02;1.820468693e-03
9.277210083e+02;4.833225976e-04
9.279619751e+02;1.991790486e-04
9.282030029e+02;1.156074213e-04
9.284439697e+02;1.553039416e-03
9.286849365e+02;5.334655871e-04
9.289259644e+02;9.011807269e-04
9.291669922e+02;1.519610756e-03
9.294080200e+02;-1.539110788e-03
9.296490479e+02;-1.810718641e-05
9.298900757e+02;1.937468885e-03
9.301311035e+02;5.167512572e-04
9.303721924e+02;6.337515078e-04
9.306132812e+02;7.006088272e-04
9.308543091e+02;1.323217439e-04
9.310953979e+02;6.671801675e-04
9.313364868e+02;1.385896117e-03
9.315775146e+02;5.334655871e-04
9.318186035e+02;-2.408255823e-03
9.320597534e+02;-1.605968107e-03
9.323008423e+02;1.402610447e-03
9.325419312e+02;3.830366186e-04
9.327830811e+02;6.003228482e-04
9.330241699e+02;8.510377374e-04
9.332653198e+02;7.507518167e-04
9.335064697e+02;7.841804763e-04
9.337476196e+02;1.736897044e-03
9.339888306e+02;1.252181595e-03
9.342299805e+02;-2.709113527e-03
9.344711304e+02;1.001466648e-03
9.347122803e+02;1.118466957e-03
9.349534912e+02;1.068323967e-03
9.351946411e+02;9.346093866e-04
9.354358521e+02;1.135181286e-03
9.356770630e+02;7.006088272e-04
9.359182739e+02;8.844663971e-04
9.361594849e+02;6.337515078e-04
9.364006958e+02;-1.639396767e-03
9.366419067e+02;-8.371091681e-04
9.368831787e+02;1.904040226e-03
9.371243896e+02;-5.153583697e-05
9.373657227e+02;3.997509484e-04
9.376069336e+02;1.135181286e-03
9.378482056e+02;1.987611875e-03
9.380894775e+02;5.000369274e-04
9.383307495e+02;1.302324585e-03
9.385720215e+02;1.001466648e-03
9.388133545e+02;-8.036805084e-04
9.390546265e+02;-2.558684675e-03
9.392959595e+02;2.138040727e-03
9.395372314e+02;4.164652782e-04
9.397785645e+02;1.703468384e-03
9.400198975e+02;1.536325086e-03
9.402612305e+02;8.343234076e-04
9.405025635e+02;4.666082677e-04
9.407439575e+02;1.787040033e-03
9.409852905e+02;1.135181286e-03
9.412266846e+02;-6.365372101e-04
9.414680176e+02;-2.140826546e-03
9.417094116e+02;2.071183641e-03
9.419508057e+02;1.118466957e-03
9.421921387e+02;1.803754363e-03
9.424335327e+02;6.003228482e-04
9.426749268e+02;7.173231570e-04
9.429163818e+02;1.151895616e-03
9.431577759e+02;9.680380463e-04
9.433991699e+02;5.000369274e-04
9.436406250e+02;-2.241112525e-03
9.438820801e+02;-4.693939700e-04
9.441235352e+02;6.671801675e-04
9.443649902e+02;1.202038606e-03
9.446064453e+02;1.502896426e-03
9.448479004e+02;6.546443910e-05
9.450893555e+02;5.668941885e-04
9.453308716e+02;5.668941885e-04
9.455723267e+02;8.510377374e-04
9.458138428e+02;-3.482151078e-05
9.460552979e+02;-9.541094187e-04
9.462968140e+02;-2.174255205e-03
9.465383301e+02;9.680380463e-04
9.467798462e+02;3.830366186e-04
9.470213623e+02;6.671801675e-04
9.472628784e+02;5.501799169e-04
9.475044556e+02;1.034895307e-03
9.477460327e+02;1.156074213e-04
9.479875488e+02;5.000369274e-04
9.482291260e+02;9.513237164e-04
9.484707031e+02;-2.140826546e-03
9.487122803e+02;-3.009971464e-03
9.489538574e+02;1.837183023e-03
9.491954346e+02;1.051609637e-03
9.494370117e+02;1.235467265e-03
9.496785889e+02;1.101752627e-03
9.499202271e+02;1.068323967e-03
9.501618042e+02;4.666082677e-04
9.504034424e+02;6.003228482e-04
9.506450195e+02;2.660363389e-04
9.508867188e+02;-2.040540567e-03
9.511283569e+02;-5.028226296e-04
9.513699951e+02;1.118466957e-03
9.516116943e+02;9.513237164e-04
9.518533325e+02;-1.810718641e-05
9.520949707e+02;1.824647188e-04
9.523366699e+02;8.343234076e-04
9.525783081e+02;-3.189650597e-04
9.528200073e+02;1.736897044e-03
9.530617065e+02;1.068323967e-03
9.533034058e+02;-7.702518487e-04
9.535451050e+02;-2.207683865e-03
9.537868042e+02;1.101752627e-03
9.540285034e+02;9.346093866e-04
9.542703247e+02;-5.529656191e-04
9.545120239e+02;1.001466648e-03
9.547537842e+02;1.001466648e-03
9.549955444e+02;2.827506687e-04
9.552372437e+02;1.068323967e-03
9.554790039e+02;6.671801675e-04
9.557207642e+02;-1.923540374e-03
9.559625854e+02;-2.157540992e-03
9.562043457e+02;1.904040226e-03
9.564461060e+02;1.018180978e-03
9.566879272e+02;2.326076938e-04
9.569296875e+02;2.158933785e-04
9.571715088e+02;1.436039107e-03
9.574133301e+02;4.666082677e-04
9.576552124e+02;3.203579035e-05
9.578970337e+02;6.838944973e-04
9.581388550e+02;-2.491827356e-03
9.583806763e+02;-1.810718641e-05
9.586225586e+02;1.369181904e-03
9.588643799e+02;9.680380463e-04
9.591062622e+02;-5.696799490e-04
9.593480835e+02;9.847523179e-04
9.595899658e+02;1.135181286e-03
9.598318481e+02;1.235467265e-03
9.600737305e+02;-2.688220702e-04
9.603156128e+02;1.135181286e-03
9.605574951e+02;-1.472253469e-03
9.607994385e+02;-4.025366798e-04
9.610413818e+02;1.937468885e-03
9.612833252e+02;5.167512572e-04
9.615252075e+02;3.663223179e-04
9.617671509e+02;2.827506687e-04
9.620090942e+02;1.870611566e-03
9.622510376e+02;1.369181904e-03
9.624929810e+02;7.340374868e-04
9.627349243e+02;3.663223179e-04
9.629769287e+02;-1.873397385e-03
9.632188721e+02;-1.856683055e-03
9.634608154e+02;1.436039107e-03
9.637028198e+02;4.164652782e-04
9.639448242e+02;1.235467265e-03
9.641868896e+02;1.202038606e-03
9.644288940e+02;9.178950568e-04
9.646708984e+02;8.343234076e-04
9.649129028e+02;1.135181286e-03
9.651549072e+02;6.838944973e-04
9.653969727e+02;-2.324684057e-03
9.656389771e+02;-9.373950888e-04
9.658810425e+02;1.252181595e-03
9.661230469e+02;8.343234076e-04
9.663651123e+02;1.235467265e-03
9.666071777e+02;2.660363389e-04
9.668492432e+02;7.674661465e-04
9.670913086e+02;2.326076938e-04
9.673333740e+02;7.340374868e-04
9.675755615e+02;-1.351074607e-04
9.678176270e+02;-1.288395957e-03
9.680597534e+02;-2.859542612e-03
9.683018188e+02;1.803754363e-03
9.685439453e+02;9.011807269e-04
9.687860718e+02;7.340374868e-04
9.690281982e+02;-3.691080201e-04
9.692703247e+02;1.991790486e-04
9.695124512e+02;3.663223179e-04
9.697546387e+02;9.680380463e-04
9.699967651e+02;4.666082677e-04
9.702389526e+02;-1.672825427e-03
9.704810791e+02;-2.441684483e-03
9.707233276e+02;1.436039107e-03
9.709655151e+02;3.496079880e-04
9.712077026e+02;1.302324585e-03
9.714498901e+02;7.674661465e-04
9.716920776e+02;1.168609946e-03
9.719342651e+02;1.202038606e-03
9.721765137e+02;7.841804763e-04
9.724187012e+02;5.836085184e-04
9.726609497e+02;-1.940254588e-03
9.729031372e+02;-1.204824308e-03
9.731453857e+02;1.820468693e-03
9.733876343e+02;-3.523936903e-04
9.736298828e+02;1.068323967e-03
9.738721924e+02;1.991790486e-04
9.741145020e+02;9.680380463e-04
9.743567505e+02;4.331796081e-04
9.745989990e+02;-3.356793604e-04
9.748413086e+02;1.202038606e-03
9.750835571e+02;-2.809399506e-03
9.753258667e+02;-1.706254086e-03
9.755681763e+02;2.188183833e-03
9.758104858e+02;1.218752936e-03
9.760527954e+02;8.176090778e-04
9.762951050e+02;1.068323967e-03
9.765374756e+02;1.502896426e-03
9.767797852e+02;9.011807269e-04
9.770220947e+02;1.323217439e-04
9.772645264e+02;1.323217439e-04
9.775068970e+02;-1.438824926e-03
9.777492676e+02;-9.373950888e-04
9.779915771e+02;1.770325704e-03
9.782339478e+02;2.994649985e-04
9.784763794e+02;7.006088272e-04
9.787187500e+02;6.337515078e-04
9.789611206e+02;2.326076938e-04
9.792035522e+02;6.546443910e-05
9.794459229e+02;8.343234076e-04
9.796883545e+02;9.847523179e-04
9.799307861e+02;-1.171395648e-03
9.801731567e+02;-2.324684057e-03
9.804156494e+02;1.085038297e-03
9.806580811e+02;4.666082677e-04
9.809005737e+02;1.302324585e-03
9.811430054e+02;8.844663971e-04
9.813854370e+02;5.668941885e-04
9.816279297e+02;9.178950568e-04
9.818703613e+02;7.006088272e-04
9.821128540e+02;1.118466957e-03
9.823553467e+02;-1.472253469e-03
9.825978394e+02;-1.405396266e-03
9.828403320e+02;1.385896117e-03
9.830828247e+02;4.498939379e-04
9.833253174e+02;2.326076938e-04
9.835678711e+02;9.011807269e-04
9.838104248e+02;1.135181286e-03
9.840529175e+02;1.135181286e-03
9.842954712e+02;9.011807269e-04
9.845380249e+02;1.323217439e-04
9.847805176e+02;-1.656111097e-03
9.850230713e+02;-1.455539139e-03
9.852656250e+02;2.204898046e-03
9.855082397e+02;4.331796081e-04
9.857507935e+02;1.185324276e-03
9.859933472e+02;2.994649985e-04
9.862359619e+02;1.168609946e-03
9.864785156e+02;1.135181286e-03
9.867211914e+02;2.660363389e-04
9.869638062e+02;3.997509484e-04
9.872063599e+02;-1.940254588e-03
9.874489746e+02;-1.004252350e-03
9.876915894e+02;9.178950568e-04
9.879342651e+02;3.997509484e-04
9.881768799e+02;1.837183023e-03
9.884194946e+02;7.507518167e-04
9.886621704e+02;1.235467265e-03
9.889047852e+02;1.252181595e-03
9.891474609e+02;6.671801675e-04
9.893901367e+02;1.001466648e-03
9.896328125e+02;-1.956969034e-03
9.898755493e+02;-6.198229385e-04
9.901182251e+02;1.502896426e-03
9.903609009e+02;1.151895616e-03
9.906035767e+02;1.001466648e-03
9.908463135e+02;1.085038297e-03
9.910889893e+02;4.331796081e-04
9.913317261e+02;2.827506687e-04
9.915744629e+02;6.546443910e-05
9.918171387e+02;9.178950568e-04
9.920598755e+02;-1.773111406e-03
9.923026123e+02;-1.171395648e-03
9.925454102e+02;1.803754363e-03
9.927881470e+02;1.486182096e-03
9.930309448e+02;1.991790486e-04
9.932737427e+02;6.838944973e-04
9.935164795e+02;3.997509484e-04
9.937592773e+02;1.285610255e-03
9.940020142e+02;1.268895925e-03
9.942448120e+02;1.657504035e-04
9.944876099e+02;-1.004252350e-03
9.947304077e+02;-1.672825427e-03
9.949732056e+02;1.837183023e-03
9.952160645e+02;1.135181286e-03
9.954588623e+02;3.997509484e-04
9.957017212e+02;7.173231570e-04
9.959445190e+02;5.668941885e-04
9.961874390e+02;7.006088272e-04
9.964302368e+02;8.510377374e-04
9.966730957e+02;-2.508541802e-03
9.969159546e+02;-1.555825118e-03
9.971588135e+02;1.135181286e-03
9.974017334e+02;6.337515078e-04
9.976445923e+02;1.034895307e-03
9.978874512e+02;1.218752936e-03
9.981303711e+02;-3.482151078e-05
9.983732300e+02;5.501799169e-04
9.986161499e+02;5.000369274e-04
9.988590698e+02;6.671801675e-04
9.991019897e+02;-2.625541994e-03
9.993449097e+02;-1.672825427e-03
9.995878906e+02;1.803754363e-03
9.998308105e+02;-8.496448572e-05
1.000073730e+03;9.680380463e-04
1.000316650e+03;1.820468693e-03
1.000559631e+03;-5.153583697e-05
1.000802551e+03;9.346093866e-04
1.001045532e+03;1.001466648e-03
1.001288513e+03;1.068323967e-03
1.001531494e+03;-2.107397886e-03
1.001774475e+03;-5.696799490e-04
1.002017456e+03;2.238326706e-03
1.002260498e+03;1.853897236e-03
1.002503479e+03;1.586468075e-03
1.002746521e+03;9.011807269e-04
1.002989502e+03;1.235467265e-03
1.003232544e+03;7.173231570e-04
1.003475525e+03;4.666082677e-04
1.003718567e+03;-1.183931381e-04
1.003961609e+03;-2.023826353e-03
1.004204651e+03;-1.004252350e-03
1.004447693e+03;2.104612067e-03
1.004690735e+03;1.753611374e-03
1.004933838e+03;8.677520673e-04
1.005176880e+03;9.680380463e-04
1.005419983e+03;-2.353934251e-04
1.005663086e+03;5.668941885e-04
1.005906189e+03;1.101752627e-03
1.006149292e+03;-5.529656191e-04
1.006392334e+03;-1.004252350e-03
1.006635437e+03;-1.338538947e-03
1.006878540e+03;1.837183023e-03
1.007121704e+03;1.419324777e-03
1.007364807e+03;1.657504035e-04
1.007607910e+03;2.994649985e-04
1.007851074e+03;8.510377374e-04
1.008094177e+03;7.507518167e-04
1.008337341e+03;1.034895307e-03
1.008580566e+03;7.507518167e-04
1.008823730e+03;-1.672825427e-03
1.009066895e+03;-2.023826353e-03
1.009310059e+03;1.352467574e-03
1.009553223e+03;8.176090778e-04
1.009796387e+03;1.323217439e-04
1.010039612e+03;1.118466957e-03
1.010282776e+03;-1.351074607e-04
1.010526001e+03;1.569753746e-03
1.010769165e+03;1.285610255e-03
1.011012390e+03;1.034895307e-03
1.011255615e+03;-1.338538947e-03
1.011498901e+03;-1.054395339e-03
1.011742126e+03;1.803754363e-03
1.011985352e+03;8.510377374e-04
1.012228577e+03;3.997509484e-04
1.012471863e+03;5.334655871e-04
1.012715088e+03;1.135181286e-03
1.012958374e+03;1.135181286e-03
1.013201599e+03;8.008947480e-04
1.013444885e+03;8.677520673e-04
1.013688171e+03;-2.224398078e-03
1.013931458e+03;-3.110257443e-03
1.014174744e+03;1.402610447e-03
1.014418030e+03;5.668941885e-04
1.014661377e+03;1.653325395e-03
1.014904724e+03;1.034895307e-03
1.015148010e+03;7.006088272e-04
1.015391357e+03;7.340374868e-04
1.015634644e+03;1.469467767e-03
1.015877991e+03;8.510377374e-04
1.016121338e+03;-1.773111406e-03
1.016364685e+03;-1.338538947e-03
1.016608032e+03;8.008947480e-04
1.016851379e+03;4.164652782e-04
1.017094727e+03;1.532146598e-05
1.017338074e+03;1.536325086e-03
1.017581543e+03;1.569753746e-03
1.017824890e+03;7.173231570e-04
1.018068298e+03;3.663223179e-04
1.018311707e+03;9.011807269e-04
1.018555054e+03;-1.823254395e-03
1.018798462e+03;-1.906826044e-03
1.019041870e+03;1.502896426e-03
1.019285278e+03;9.847523179e-04
1.019528748e+03;3.663223179e-04
[EndOfFile]
